start_draw_0:
000000000000000000000000
000000000000000000000000
000000000000000000000000
000000000000000000000000
000000000000000000000000
000000000000000000000000
000000000000000000000000
000000000000000000000000
000110000000000000000000
000110000000000000000000
000110000000000000000000
000110000000000000000000
000110000000000000000000
000110000000000000000000
000110000000000000000000
000110000000000000000000
000110000000000000000000
000110000011000000000000
000110000011000000000000
000111000011000000000000
000111000011000000000000
000111000011001100000000
000111100011011100000000
000011111111111100000000
000001111111111000000000
000000011111100000000000
000000000011000000000000
000000000011000000000000
000000000011000000000000
000000000011000000000000
000000000011000000000000
000000000011100000000000
000000000011100000000000
000000000000000000000000
000000000000000000000000
000000000000000000000000
start_draw_0:
000000000000000000000000
000000000000000000000000
000000000000000000000000
000011100000000000000000
000011100000000000000000
000011000000000000000000
000011000000000000000000
000011100000000000000000
000011100000110000000000
000011100000110000000000
000001110001110000000000
000001111001110000000000
000000111111110000000000
000000011111111111100000
000000000111111111100000
000000000001100000000000
000000000001100000000000
000000000001100000000000
000000000001100000000000
000000000001100000000000
000000000001100000000000
000000000001100000000000
000000000001100000000000
000000000001100000000000
000000000000000000000000
000000000000000000000000
000000000000000000000000
000000000000000000000000
000000000000000000000000
000000000000000000000000
000000000000000000000000
000000000000000000000000
000000000000000000000000
000000000000000000000000
000000000000000000000000
000000000000000000000000
start_draw_0:
000000000000000000000000
000000000000000000000000
000000000000000000000000
000000000000000000000000
000000000000000000000000
000000000000000000000000
000000000000000000000000
000000000000000000000000
000000000000000000000000
000000000000000000000000
000000000000000000000000
000000000000000000000000
000000000000000000000000
000000000000000000000000
000000000000000000000000
000000000000000000000000
000000000110000000000000
000000000110000000000000
000000000110000001100000
000000000111000011100000
000000000111100011100000
000000000111111011100000
000000000011111111000000
000000000000111111111000
000000000000000111111000
000000000000000011000000
000000000000000011000000
000000000000000011000000
000000000000000000000000
000000000000000000000000
000000000000000000000000
000000000000000000000000
000000000000000000000000
000000000000000000000000
000000000000000000000000
000000000000000000000000
start_draw_0:
000000000000000000000000
000000000000000000000000
000000000000000000000000
000000000000000000000000
000000000000000000000000
000000000000000000000000
000000000000000000000000
000000000000000000000000
000000000000011100000000
000000000000111100000000
000000000001111100000000
000000000011111000000000
000000000111111000000000
000000001111011000000000
000000011110011000000000
000000011110111000000000
000000111100111000000000
000001111000111000000000
000001110000111000000000
000011110000110000000000
000011100000110000000000
000011100000110000000000
000011100001110000000000
000011111101110000000000
000011111111111110000000
000000011111111110000000
000000000001100000000000
000000000001100000000000
000000000001100000000000
000000000001100000000000
000000000011100000000000
000000000011100000000000
000000000011100000000000
000000000000000000000000
000000000000000000000000
000000000000000000000000
start_draw_0:
000000000000000000000000
000000000000000000000000
000000000000000000000000
000000000000000000000000
000000000000000000000000
000000000000000000000000
000000000000000000000000
000000000000000000000000
000000000000000000000000
000000000000000000000000
000000000000000000000000
000000000000000000000000
000000000000000000000000
000000000000000000000000
000000000000000000000000
000000000000000000000000
000000000000000000000000
000000000000000000000000
000000000110000000000000
000000011111100000000000
000111111111100000000000
011111111110000000000000
011111001110000000000000
011110001100000000000000
001111111100000000000000
000111111100000000000000
000011111100000000000000
000000111110000000000000
000000111111100000000000
000000111111100000000000
000000110001100000000000
000000110000000000000000
000000000000000000000000
000000000000000000000000
000000000000000000000000
000000000000000000000000
start_draw_0:
000000000000000000000000
000000000000000000000000
000000000000000000000000
000000000000000000000000
000000000000000000000000
000000000000011100000000
000000000000011100000000
000000000000111100000000
000000000000111100000000
000000000001111100000000
000000000001111100000000
000000000011111100000000
000000000011101100000000
000000000111101100000000
000000000111001100000000
000000000111001100000000
000000001110001100000000
000000001111111111100000
000000000111111111100000
000000000000001100000000
000000000000001100000000
000000000000001100000000
000000000000001100000000
000000000000011100000000
000000000000011100000000
000000000000000000000000
000000000000000000000000
000000000000000000000000
000000000000000000000000
000000000000000000000000
000000000000000000000000
000000000000000000000000
000000000000000000000000
000000000000000000000000
000000000000000000000000
000000000000000000000000
start_draw_0:
000000000000000000000000
000000000000000000000000
000000000000000000000000
000000000000011000000000
000000000000111000000000
000000000001111100000000
000000000011111100000000
000000000011111100000000
000000000111111000000000
000000001111111000000000
000000001110111000000000
000000011100110000000000
000000111100110000000000
000000111000110000000000
000001111000110000000000
000001110001110000000000
000001110001110000000000
000011100001110000000000
000011100001100000000000
000011000001100000000000
000011000001100000000000
000011100001100000000000
000011111101100000000000
000001111111100000000000
000000011111111111111111
000000000001111111111111
000000000001100111111000
000000000001100000000000
000000000001100000000000
000000000001100000000000
000000000001100000000000
000000000001100000000000
000000000001100000000000
000000000001100000000000
000000000000000000000000
000000000000000000000000
start_draw_0:
000000000000000000000000
000000000000000000000000
000000000000000000000000
000000000000000000000000
000000000000000000000000
000000000000000000000000
000001110000000000000000
000001110000000000110000
000000110000000000110000
000000110000000000110000
000000110000000000110000
000000111000000000110000
000000111000000000110000
000000111000000000111000
000000011000000000111000
000000011000000000111000
000000011000000000111000
000000011100000111111000
000000011100011111111000
000000011111111111111000
000000001111111000111000
000000000000000000111000
000000000000000000111000
000000000000000000111000
000000000000000000111000
000000000000000000111000
000000000000000000111000
000000000000000000011000
000000000000000000000000
000000000000000000000000
000000000000000000000000
000000000000000000000000
000000000000000000000000
000000000000000000000000
000000000000000000000000
000000000000000000000000
start_draw_0:
000000000000000000000000
000000000000000000000000
000011000000000000000000
000011000001100000000000
000011000001100000000000
000011000001100000000000
000011000001100000000000
000011000001100000000000
000011100011100000000000
000011100111100000000000
000011111111100000000000
000001111111100000000000
000000000011000000000000
000000000011000000000000
000000000011000000000000
000000000011000000000000
000000000011000000000000
000000000011000000000000
000000000011000000000000
000000000011000000000000
000000000011000000000000
000000000011000000000000
000000000011000000000000
000000000011000000000000
000000000011000000000000
000000000011000000000000
000000000000000000000000
000000000000000000000000
000000000000000000000000
000000000000000000000000
000000000000000000000000
000000000000000000000000
000000000000000000000000
000000000000000000000000
000000000000000000000000
000000000000000000000000
start_draw_0:
000000000000000000000000
000000000000000000000000
000000000000000000000000
000000000000000000000000
000000000000000000000000
000000000000000000000000
000000000000000000000000
000000000000000000000000
000000000000000000000000
000000000000000000000000
000000000000000000000000
000000000000000000000000
000000000000000000000000
000000000000000000000000
000000000000000000000000
000000000000000000000000
000000000000000000000000
000000000000000000000000
000000000000000000000000
000000000000000000000000
000000000000000000000000
000000000000110000000000
000000000000111000011000
000000000000111000111100
000000000000011100111100
000000000000011101111100
000000000000011111111100
000000000000001111111100
000000000000001111101100
000000000000000000001110
000000000000000000001110
000000000000000000001110
000000000000000000001110
000000000000000000000110
000000000000000000000110
000000000000000000000110
start_draw_0:
000000000000000000000000
000000000000000000000000
000000000000000000000000
000011100000000000000000
000011100001110000000000
000011100001110000000000
000011000001110000000000
000011000011110000000000
000011000011110000000000
000011000111110000000000
000111000111110000000000
000111001111110000000000
000111011110110000000000
000111011110110000000000
000110111100110000000000
000111111000110000000000
000111110000110000000000
000000000000110000000000
000000000000110000000000
000000000000110000000000
000000000000110000000000
000000000000110000000000
000000000000110000000000
000000000000110000000000
000000000000110000000000
000000000000110000000000
000000000000000000000000
000000000000000000000000
000000000000000000000000
000000000000000000000000
000000000000000000000000
000000000000000000000000
000000000000000000000000
000000000000000000000000
000000000000000000000000
000000000000000000000000
start_draw_0:
000000000000000000000000
000000000000000000000000
000000000000000000000000
000000000110000000000000
000000000110000000000000
000000000110000000000000
000000000110000000000000
000000000110000000000000
000000000110000000000000
000000000110000000000000
000000000110000000110000
000000000110000000110000
000000000110000001110000
000000000111000001110000
000000000111000011110000
000000000011100111110000
000000000011111111110000
000000000011111110110000
000000000000000000110000
000000000000000000110000
000000000000000000110000
000000000000000000110000
000000000000000000110000
000000000000000000110000
000000000000000000110000
000000000000000000110000
000000000000000000110000
000000000000000000110000
000000000000000000110000
000000000000000000110000
000000000000000000110000
000000000000000000110000
000000000000000000110000
000000000000000000000000
000000000000000000000000
000000000000000000000000
start_draw_0:
000000000000000000000000
000000000000000000000000
000000000000000000000000
000000000000000000000000
000000000000000000000000
000000000000000000000000
000000000000000000000000
000000000000000000000000
000000000000000000000000
000001100000000000000000
000001100000000000000000
000001100000000000000000
000001100000000000011000
000001100000000000111000
000001100000000000111000
000001100000000000111000
000001100000000000111000
000001100000000000111000
000001100000000000111000
000001100000000000111000
000001100000000001111000
000001100000000001111000
000001100000000001111000
000011100000000001111000
000011111111111111111000
000011111111111111111000
000000000000011111111000
000000000000000000011000
000000000000000000011000
000000000000000000011000
000000000000000000011100
000000000000000000011100
000000000000000000000000
000000000000000000000000
000000000000000000000000
000000000000000000000000
start_draw_0:
000000000000000000000000
000000000000000000000000
000000000000000000000000
000110000000000000000000
000111000000000000000000
000111000000000000000000
000111000000000000000000
000011000000011000000000
000011000000011000000000
000011000000111000000000
000011000000111000000000
000011000000111000000000
000011100001111000000000
000011100011111000000000
000011110111111000000000
000001111111111100000000
000001111111011100000000
000000000000011100000000
000000000000001100000000
000000000000001100000000
000000000000001100000000
000000000000001110000000
000000000000001110000000
000000000000001110000000
000000000000001110000000
000000000000000110000000
000000000000000110000000
000000000000000110000000
000000000000000111000000
000000000000000111000000
000000000000000111000000
000000000000000011000000
000000000000000000000000
000000000000000000000000
000000000000000000000000
000000000000000000000000
start_draw_0:
000000000000000000000000
000000000000000000000000
000000000000000000000000
000000000000000000000000
000000000000000000000000
000000000000000000000000
000000000000000000000000
000000000000000000000000
000000000000000000000000
000000000000000000000000
000000000000000000000000
000000000000000000000000
000000000000000000000000
000000000000011100000000
000000000000011100000000
000001100000011100000000
000001100000011100000000
000001100000011100000000
000001100000011100000000
000001100000111100000000
000001100000111100000000
000001100000111100000000
000001100001111100000000
000001110111111100000000
000001111111101100000000
000000111111001100000000
000000000000001100000000
000000000000011100000000
000000000000011100000000
000000000000011100000000
000000000000011100000000
000000000000011000000000
000000000000011000000000
000000000000011000000000
000000000000011000000000
000000000000000000000000
start_draw_0:
000000000000000000000000
000000000000000000000000
000000000000000000000000
000000000000000000000000
000000000000000000000000
000000001110000000000000
000000001110000001110000
000000001100000001110000
000000001100000001110000
000000001100000011110000
000000001100000011110000
000000001110000011110000
000000001110000011110000
000000001110000011110000
000000000111000111110000
000000000111000111110000
000000000111110111110000
000000000011111111110000
000000000001111110110000
000000000000000110110000
000000000000000000110000
000000000000000000111000
000000000000000000111000
000000000000000000111000
000000000000000000111000
000000000000000000011000
000000000000000000011000
000000000000000000011000
000000000000000000011100
000000000000000000011100
000000000000000000000000
000000000000000000000000
000000000000000000000000
000000000000000000000000
000000000000000000000000
000000000000000000000000
start_draw_0:
000000000000000000000000
000000000000000000000000
000000000000000000000000
000110000000000000000000
000110000000000000000000
000110000011100000000000
000110000011100000000000
000110000011100000000000
000110000111100000000000
000110000111100000000000
000110000111100000000000
000110001111100000000000
000110001111100000000000
000111001111100000000000
000111011101100000000000
000111011101100000000000
000011111001100000000000
000011111001100000000000
000001110001100000000000
000000000001100000000000
000000000001100000000000
000000000001100000000000
000000000001100000000000
000000000001100000000000
000000000001100000000000
000000000001100000000000
000000000001100000000000
000000000001100000000000
000000000001100000000000
000000000001100000000000
000000000001100000000000
000000000001100000000000
000000000001100000000000
000000000000000000000000
000000000000000000000000
000000000000000000000000
start_draw_0:
000000000000000000000000
000000000000000000000000
000000000000000000000000
000000000000000000000000
000000000000000000000000
110000000000000000000000
110000000000000000000000
111000000000000000000000
111000000000001100000000
111000000000001100000000
011000000000001100000000
011100000000001100000000
011100000000001100000000
011100000000001100000000
001100000000011100000000
001110000000011100000000
001110000000011100000000
001111000000011100000000
000111000000011100000000
000111100000011100000000
000011110000011100000000
000001111111111100000000
000000111111111100000000
000000011111101100000000
000000000000001100000000
000000000000001100000000
000000000000001100000000
000000000000001100000000
000000000000001100000000
000000000000001100000000
000000000000001100000000
000000000000001100000000
000000000000000000000000
000000000000000000000000
000000000000000000000000
000000000000000000000000
start_draw_0:
000000000000000000000000
000000000000000000000000
000000000000000000000000
000000000000000000000000
000000000000000000000000
000000000000000000000000
000000000000000000000000
000000000000000000000000
000000000000110000011000
000000000000110000111000
000000000000110000111000
000000000000110000111000
000000000000110000111000
000000000000111001111000
000000000000111001111000
000000000000111011111000
000000000000111111111000
000000000000011111111000
000000000000011111111000
000000000000000000111000
000000000000000000111000
000000000000000000111000
000000000000000000111000
000000000000000000111000
000000000000000000111000
000000000000000000111000
000000000000000000111000
000000000000000000111000
000000000000000000111000
000000000000000000111000
000000000000000000111000
000000000000000000000000
000000000000000000000000
000000000000000000000000
000000000000000000000000
000000000000000000000000
start_draw_0:
000000000000000000000000
000000000000000000000000
000000000000000000000000
000000000000000111000000
000001100000000111000000
000001100000000111000000
000001100000000111000000
000001100000001110000000
000001100000001110000000
000001100000011110000000
000001100000011110000000
000001110000111110000000
000001110001111110000000
000000111111111110000000
000000111111101100000000
000000000011001100000000
000000000000001100000000
000000000000001100000000
000000000000001100000000
000000000000001100000000
000000000000001100000000
000000000000011100000000
000000000000011100000000
000000000000011100000000
000000000000011100000000
000000000000011100000000
000000000000011100000000
000000000000011100000000
000000000000011100000000
000000000000011100000000
000000000000000000000000
000000000000000000000000
000000000000000000000000
000000000000000000000000
000000000000000000000000
000000000000000000000000
start_draw_0:
000000000000000000000000
000000000000000000000000
000000000000000000000000
000000000000000000000000
000011000000000000000000
000011000000000000000000
000011000000000000000000
000011000000000000000000
000011000001110000000000
000011000001110000000000
000011000011110000000000
000011100111110000000000
000011111111110000000000
000001111111100000000000
000000000001100000000000
000000000001100000000000
000000000001100000000000
000000000001100000000000
000000000001100000000000
000000000001100000000000
000000000001100000000000
000000000001100000000000
000000000001100000000000
000000000001100000000000
000000000001100000000000
000000000001100000000000
000000000001100000000000
000000000001100000000000
000000000001100000000000
000000000000000000000000
000000000000000000000000
000000000000000000000000
000000000000000000000000
000000000000000000000000
000000000000000000000000
000000000000000000000000
start_draw_0:
000000000000000000000000
000000000000000000000000
000000000000000000000000
000000000000000000000000
000000000000000000000000
000000000000000000000000
000000000000000000000000
000000000000000000000000
000000000000000000000000
000000000000000000000000
000000000000000000000000
000000000000000000000000
000011000000000000000000
000011000000000000000000
000011000000011100000000
000011000000011100000000
000111000000011100000000
000111000000011100000000
000111000000111100000000
000011000000111100000000
000011100001111100000000
000011111111111100000000
000001111111111000000000
000000000011011000000000
000000000000011000000000
000000000000011000000000
000000000000011000000000
000000000000011000000000
000000000000011000000000
000000000000011000000000
000000000000011000000000
000000000000011000000000
000000000000011000000000
000000000000011000000000
000000000000000000000000
000000000000000000000000
start_draw_0:
000000000000000000000000
000000000000000000000000
000000000000000000000000
000000110000000000000000
000000110000000000000000
000000110011000000000000
000000110011000000000000
000000110011000000000000
000000110111000000000000
000000110111000000000000
000000110111000000000000
000000111111000000000000
000000111111000000000000
000000111111000000000000
000000111111000000000000
000000111011000000000000
000000000011000000000000
000000000011000000000000
000000000011000000000000
000000000011000000000000
000000000011000000000000
000000000011000000000000
000000000011000000000000
000000000011000000000000
000000000011000000000000
000000000000000000000000
000000000000000000000000
000000000000000000000000
000000000000000000000000
000000000000000000000000
000000000000000000000000
000000000000000000000000
000000000000000000000000
000000000000000000000000
000000000000000000000000
000000000000000000000000
start_draw_0:
000000000000000000000000
000000000000000000000000
000000000111000000000000
000000000111000000000000
000000000111000000000000
000000000011100000000000
000000000011100000000000
000000000011100000000000
000000000011100000000111
000000000001100000001111
000000000001100000111111
000000000001100111111110
000000000001111111111110
000000000001111110001110
000000000000111000001100
000000000000000000001100
000000000000000000011100
000000000000000000011100
000000000000000000011100
000000000000000000011000
000000000000000000011000
000000000000000000011000
000000000000000000011000
000000000000000000011000
000000000000000000011000
000000000000000000011000
000000000000000000011000
000000000000000000011000
000000000000000000000000
000000000000000000000000
000000000000000000000000
000000000000000000000000
000000000000000000000000
000000000000000000000000
000000000000000000000000
000000000000000000000000
start_draw_0:
000000000000000000000000
000000000000000000000000
000000000000000000000000
000000000000000000000000
000000000000000000000000
000000000000000000000000
000000000000000000000000
000110000000000000000000
000110000000000000000000
000110000000000000000000
000110000000000000000000
000110000000000000000000
000110000000000000000000
000110000110000000000000
000110000110000000000000
000110000110000000000000
000110000110000000000000
000110000110000000000000
000110000110000000000000
000110000110000000000000
000111111110000000000000
000111111110000000000000
000011111110000000000000
000000000110000000000000
000000000110000000000000
000000000110000000000000
000000000110000000000000
000000000110000000000000
000000000110000000000000
000000000110000000000000
000000000110000000000000
000000000110000000000000
000000000110000000000000
000000000110000000000000
000000000000000000000000
000000000000000000000000
start_draw_0:
000000000000000000000000
000000000000000000000000
000000000000000000000000
000000000000000000000000
000000000000111000000000
000000000000111000000000
000000000000111000111000
000000000000011000111000
000000000000011000111000
000000000000011000111000
000000000000011000111000
000000000000011000111000
000000000000011001111000
000000000000011111111000
000000000000011111110000
000000000000011111110000
000000000000000000110000
000000000000000000110000
000000000000000000110000
000000000000000000110000
000000000000000000110000
000000000000000000110000
000000000000000000110000
000000000000000000110000
000000000000000000110000
000000000000000000110000
000000000000000000110000
000000000000000000110000
000000000000000000110000
000000000000000000000000
000000000000000000000000
000000000000000000000000
000000000000000000000000
000000000000000000000000
000000000000000000000000
000000000000000000000000
start_draw_0:
000000000000000000000000
000000000000000000000000
000000000000000000000000
000001100000000000000000
000001100000000000000000
000001100000000000000000
000001100000000000000000
000001100000110000000000
000001100001110000000000
000001100001110000000000
000001100001110000000000
000001100001110000000000
000011100001110000000000
000011100001110000000000
000011100001110000000000
000011100011110000000000
000011100011110000000000
000011100111110000000000
000011100111110000000000
000011111110110000000000
000001111110110000000000
000000110000110000000000
000000000000110000000000
000000000000110000000000
000000000000110000000000
000000000000110000000000
000000000000110000000000
000000000000110000000000
000000000000000000000000
000000000000000000000000
000000000000000000000000
000000000000000000000000
000000000000000000000000
000000000000000000000000
000000000000000000000000
000000000000000000000000
start_draw_0:
000000000000000000000000
000000000000000000000000
000000000000000000000000
000000000000000000000000
000000000000000000000000
000000000000000000000000
000000000000000000000000
000001110000000000000000
000001110000000000000000
000001110000001100000000
000000110000011100000000
000000110000111100000000
000000110000111100000000
000000110001111100000000
000000111011111000000000
000000111111111000000000
000000011111011000000000
000000011110111000000000
000000000000111000000000
000000000000111000000000
000000000000111000000000
000000000000111000000000
000000000000111000000000
000000000000111000000000
000000000000111000000000
000000000000011000000000
000000000000011000000000
000000000000011000000000
000000000000000000000000
000000000000000000000000
000000000000000000000000
000000000000000000000000
000000000000000000000000
000000000000000000000000
000000000000000000000000
000000000000000000000000
start_draw_0:
000000000000000000000000
000000000000000000000000
000000000000000000000000
000000000000000000000000
000000000000000000000000
011100000000000000000000
011100000000110000000000
011100000000110000000000
001100000001110000000000
001100000001110000000000
001110000001110000000000
001110000011110000000000
000110000011110000000000
000111111111110000000000
000111111111110000000000
000001111100111000000000
000000000000111000000000
000000000000111000000000
000000000000111000000000
000000000000011000000000
000000000000011000000000
000000000000011000000000
000000000000011100000000
000000000000011100000000
000000000000011100000000
000000000000011100000000
000000000000001100000000
000000000000001100000000
000000000000000000000000
000000000000000000000000
000000000000000000000000
000000000000000000000000
000000000000000000000000
000000000000000000000000
000000000000000000000000
000000000000000000000000
start_draw_0:
000000000000000000000000
000000000000000000000000
000000000000000000000000
000000000000000000000000
000000000000000000000000
000000000000000000000000
000000000000000000000000
000000000000000000000000
000000000011000000000000
000000000011000000111000
000000000011000000111000
000000000011000000111000
000000000011000000111000
000000000011100001111000
000000000011100001111000
000000000011100001111000
000000000001100111110000
000000000001111111110000
000000000001111110110000
000000000001111100110000
000000000000000001110000
000000000000000001110000
000000000000000001110000
000000000000000001100000
000000000000000011100000
000000000000000011100000
000000000000000011100000
000000000000000011000000
000000000000000011000000
000000000000000111000000
000000000000000111000000
000000000000000111000000
000000000000000000000000
000000000000000000000000
000000000000000000000000
000000000000000000000000
start_draw_0:
000000000000000000000000
000000000000000000000000
000000000000000000000000
000110000000000000000000
000110000000000000000000
000110000000000000000000
000110000000000110000000
000110000000000110000000
000110000000001110000000
000110000000001110000000
000110000000001110000000
000110000000001110000000
000111000000011110000000
000111000001111110000000
000111101111111110000000
000011111111111100000000
000001111110001100000000
000000000000001100000000
000000000000011100000000
000000000000011100000000
000000000000011100000000
000000000000011100000000
000000000000011000000000
000000000000011000000000
000000000000011000000000
000000000000011000000000
000000000000011000000000
000000000000011000000000
000000000000011000000000
000000000000000000000000
000000000000000000000000
000000000000000000000000
000000000000000000000000
000000000000000000000000
000000000000000000000000
000000000000000000000000
start_draw_0:
000000000000000000000000
000000000000000000000000
000000000011000000000000
000000000011000000011100
000000000011100000011100
000000000011100000111100
000000000011110001111000
000000000001111111111000
000000000000111111111000
000000000000000000111000
000000000000000000111000
000000000000000000111000
000000000000000000110000
000000000000000000110000
000000000000000000110000
000000000000000001110000
000000000000000001110000
000000000000000001110000
000000000000000001110000
000000000000000001100000
000000000000000001100000
000000000000000001100000
000000000000000001100000
000000000000000001100000
000000000000000001100000
000000000000000001100000
000000000000000001100000
000000000000000000000000
000000000000000000000000
000000000000000000000000
000000000000000000000000
000000000000000000000000
000000000000000000000000
000000000000000000000000
000000000000000000000000
000000000000000000000000
start_draw_0:
000000000000000000000000
000000000000000000000000
000000000000000000000000
000000000000000000000000
000000000000000000000000
000000000000000000000000
000000000000000000000000
000000000000000000000000
001100000000000000000000
001110000000000110000000
001110000000000110000000
001110000000000110000000
000110000000000110000000
000110000000001110000000
000111000000001110000000
000111000000011110000000
000111000000011110000000
000011000000111110000000
000011000000111110000000
000011100001110110000000
000011100001110110000000
000011100011100110000000
000001110111100110000000
000001111111000110000000
000000111111000110000000
000000111110000110000000
000000000000000110000000
000000000000000110000000
000000000000000110000000
000000000000000110000000
000000000000000110000000
000000000000000111000000
000000000000000111000000
000000000000000111000000
000000000000000111000000
000000000000000111000000
start_draw_0:
000000000000000000000000
000000000000000000000000
001100001100000000000000
001100001100000000000000
001100001100000000000000
001100001100000000000000
001110001100000000000000
001110001100000000000000
001110001100000000000000
000111011100000000000000
000111011100000000000000
000111111100000000000000
000011111100000000000000
000000111000000000000000
000000011000000000000000
000000011000000000000000
000000011000000000000000
000000011000000000000000
000000011000000000000000
000000011000000000000000
000000011000000000000000
000000011000000000000000
000000011000000000000000
000000011000000000000000
000000011000000000000000
000000011000000000000000
000000011000000000000000
000000000000000000000000
000000000000000000000000
000000000000000000000000
000000000000000000000000
000000000000000000000000
000000000000000000000000
000000000000000000000000
000000000000000000000000
000000000000000000000000
start_draw_0:
000000000000110000000000
000000000000110000000110
000000000000111000000110
000000000000111000000110
000000000000111000001110
000000000000011000001110
000000000000011100001110
000000000000011100001110
000000000000011110001110
000000000000001111001100
000000000000001111011100
000000000000000111111100
000000000000000011111100
000000000000000000011100
000000000000000000011100
000000000000000000011100
000000000000000000011000
000000000000000000011000
000000000000000000011000
000000000000000000011000
000000000000000000111000
000000000000000000111000
000000000000000000111000
000000000000000000000000
000000000000000000000000
000000000000000000000000
000000000000000000000000
000000000000000000000000
000000000000000000000000
000000000000000000000000
000000000000000000000000
000000000000000000000000
000000000000000000000000
000000000000000000000000
000000000000000000000000
000000000000000000000000
start_draw_0:
000000000000000000000000
000000000000000000000000
000000000000000000000000
000000000000000000000000
000000000000000000000000
000000000000000000000000
000000000000000000000000
000000000000000000000000
000000000000000000000000
000000000000000000000000
000000000000000000000000
000000000000000000000000
000000000000000000000000
000000000000000000000000
000000000000000000000000
000000000000000000000000
000000000000000000000000
000000000000000000000000
000000000000000000000000
000000000000000000000000
000000000000000000000000
000011100001100000000000
000011100001100000000000
000011000001100000000000
000011000001100000000000
000111000011100000000000
000111000011100000000000
000111100011100000000000
000011111111100000000000
000011111111100000000000
000000000011100000000000
000000000011000000000000
000000000011000000000000
000000000011000000000000
000000000011000000000000
000000000011000000000000
start_draw_0:
000000000000000000000000
000000000000000000000000
000000000000000000000000
000000000000000000000000
000000000000000000000000
000000000000000000000000
000000000000000000000000
000000000000000000000000
000000000000000000000000
000000000000000000000000
000000000000000000000000
000000000000000000000000
000000000000000000000000
000000000000000000000000
000000000000000000000000
000000000000000000000000
000000000000000000000000
000000000000000000000000
000000000000000000000000
000000000000110000000000
000000000000111000000000
000000000000111000001100
000000000000111000001100
000000000000011100001100
000000000000011100011100
000000000000011110011100
000000000000001111111100
000000000000001111111100
000000000000000011111100
000000000000000000011000
000000000000000000011000
000000000000000000011000
000000000000000000011000
000000000000000000011000
000000000000000000000000
000000000000000000000000
start_draw_0:
000000000000000000000000
000000000000000000000000
000000000000000000000000
000000000000000000000000
000000000000000000000000
000000000000000000000000
000000000000000000000000
000000000000000000000000
000000000000000000000000
000000000000000000000000
000000000000000000000000
000000000000000000000000
000000000000000000000000
000000000000000000000000
000000000000000000000000
000000000000000000000000
000000000000000000000000
000000000000000000000000
000000000000000000000000
000000000000000000000000
000000000000000000000000
000000000000001100000000
000000000000011100000000
000000110000011100000000
000000110000011100000000
000000110000111100000000
000000111000111100000000
000000111101111100000000
000000011111111100000000
000000011111101100000000
000000000000001100000000
000000000000001100000000
000000000000001100000000
000000000000001100000000
000000000000000000000000
000000000000000000000000
start_draw_0:
000001100000000000000000
000001100000000000000000
000001100000000000000000
000001100000011000000000
000001110000011000000000
000001110000011000000000
000000111000011000000000
000000111000011000000000
000000111100011000000000
000000011111111000000000
000000001111111000000000
000000000111111000000000
000000000000011000000000
000000000000011000000000
000000000000011000000000
000000000000011000000000
000000000000011000000000
000000000000111000000000
000000000000111000000000
000000000000000000000000
000000000000000000000000
000000000000000000000000
000000000000000000000000
000000000000000000000000
000000000000000000000000
000000000000000000000000
000000000000000000000000
000000000000000000000000
000000000000000000000000
000000000000000000000000
000000000000000000000000
000000000000000000000000
000000000000000000000000
000000000000000000000000
000000000000000000000000
000000000000000000000000
start_draw_0:
000000000000000000000000
000000000000000110000000
000000000000000110000000
000000000000001110011100
000000000000001110011100
000000000000001110011100
000000000000001100111100
000000000000001111111100
000000000000001111111100
000000000000000111011100
000000000000000000011100
000000000000000000011100
000000000000000000011100
000000000000000000011100
000000000000000000011100
000000000000000000011100
000000000000000000011100
000000000000000000011100
000000000000000000001100
000000000000000000001100
000000000000000000001100
000000000000000000000000
000000000000000000000000
000000000000000000000000
000000000000000000000000
000000000000000000000000
000000000000000000000000
000000000000000000000000
000000000000000000000000
000000000000000000000000
000000000000000000000000
000000000000000000000000
000000000000000000000000
000000000000000000000000
000000000000000000000000
000000000000000000000000
start_draw_0:
000000000000000000000000
000000000000000000000000
001100000000000000000000
001100000000000000000000
001100000000000000000000
001100000000000000000000
001100000000000000000000
001100000000000000000000
001100000000000000000000
001100001110000000000000
001100001110000000000000
001100001110000000000000
001100001110000000000000
001100001110000000000000
001110001110001110000000
001111001111111110000000
001111111111111110000000
000111111111100000000000
000000001100000000000000
000000001100000000000000
000000001100000000000000
000000001100000000000000
000000001100000000000000
000000001100000000000000
000000000000000000000000
000000000000000000000000
000000000000000000000000
000000000000000000000000
000000000000000000000000
000000000000000000000000
000000000000000000000000
000000000000000000000000
000000000000000000000000
000000000000000000000000
000000000000000000000000
000000000000000000000000
start_draw_0:
000000000000000000000000
000000000000110000000000
000000000000110000000000
000000000000110000110000
000000000000110000110000
000000000000110000110000
000000000000110000110000
000000000000111000111111
000000000000111111111111
000000000000111111111100
000000000000001111110000
000000000000000001110000
000000000000000001110000
000000000000000001110000
000000000000000001100000
000000000000000001100000
000000000000000001100000
000000000000000000000000
000000000000000000000000
000000000000000000000000
000000000000000000000000
000000000000000000000000
000000000000000000000000
000000000000000000000000
000000000000000000000000
000000000000000000000000
000000000000000000000000
000000000000000000000000
000000000000000000000000
000000000000000000000000
000000000000000000000000
000000000000000000000000
000000000000000000000000
000000000000000000000000
000000000000000000000000
000000000000000000000000
start_draw_0:
000000000000000000000000
000000000000000000000000
111000000000000000000000
111100000000000000000000
011100001100000000000000
011100001100000000000000
001100001100000000000000
001110001100000000000000
001110011111100000000000
001111111111100000000000
000111111111000000000000
000011111100000000000000
000000011100000000000000
000000011100000000000000
000000011100000000000000
000000011100000000000000
000000011100000000000000
000000011000000000000000
000000000000000000000000
000000000000000000000000
000000000000000000000000
000000000000000000000000
000000000000000000000000
000000000000000000000000
000000000000000000000000
000000000000000000000000
000000000000000000000000
000000000000000000000000
000000000000000000000000
000000000000000000000000
000000000000000000000000
000000000000000000000000
000000000000000000000000
000000000000000000000000
000000000000000000000000
000000000000000000000000
start_draw_0:
000000000000000000000000
000000000000000000000000
000000000110000000000000
000000000110000000000000
000000000110000000000000
000000000110001100000000
000000000110001100000000
000000000110001100000000
000000000110001100000000
000000000110001100000000
000000000110001100011000
000000000111001100111000
000000000111111111111000
000000000011111111110000
000000000000111110000000
000000000000001100000000
000000000000001100000000
000000000000001100000000
000000000000001100000000
000000000000001100000000
000000000000001100000000
000000000000001100000000
000000000000000000000000
000000000000000000000000
000000000000000000000000
000000000000000000000000
000000000000000000000000
000000000000000000000000
000000000000000000000000
000000000000000000000000
000000000000000000000000
000000000000000000000000
000000000000000000000000
000000000000000000000000
000000000000000000000000
000000000000000000000000
start_draw_0:
000000000000000000000000
000000000000000000000000
000000000000000000000000
000000000000000000000000
000000000000000000000000
000000000000000000000000
000000000000000000000000
000000000000000000000000
000000000000000000000000
000000000000000000000000
000000000000000000000000
000000000000000000000000
000000000000000000000000
000000000000000000000000
000000000000000000000000
000000000000000000000000
000000000000000000000000
000000000000000000000000
001100000000000000000000
001100000000000000000000
001100000000000000000000
001100000000000000000000
001100000000000000000000
001100000000000000000000
001100000110000000000000
001100000110000000000000
001110000110000000000000
001110000110000000000000
001111001110000000000000
000111111111100000000000
000011111111100000000000
000000001110000000000000
000000001110000000000000
000000001110000000000000
000000001100000000000000
000000000000000000000000
start_draw_0:
000000000000000000000000
000000000000000000000000
000000000000000000000000
000000000000000000000000
000000000000000000000000
000000000000000000000000
000000000000000000000000
000000000000000000000000
000000000000000000000000
000000000000000000000000
000000000000000000000000
000000000000000000000000
000000000000000000000000
000000000000000000000000
000000000000000000000000
000000000000000000000000
000000000000000000000000
000000111000000000000000
000000111000000000000000
000000111000000000000000
000001110000000000000000
000001110000011000000000
000001110000111000000000
000001110000111000000000
000001110000111000000000
000001110000111000000000
000001110000110000000000
000000111110110000000000
000000111111111001111000
000000001111111111111000
000000000001111111110000
000000000000110000000000
000000000000110000000000
000000000000110000000000
000000000000000000000000
000000000000000000000000
start_draw_0:
000000000000000000000000
000000000000000000000000
000000000000000000000000
000000000000000000000000
000000000000000000000000
000000000000000000000000
000000000000000000000000
000000000000000000000000
000000000000000000000000
000000000000000000000000
000000000000000000000000
000000000000000000000000
000000000000000000000000
000000000000000000000000
000000000000000000000000
000000000000000000000000
000000000000000000000000
000000000000000000000000
000000000000000000000000
000000000000000000110000
000000000000000000110000
000000000000110001110000
000000000000110001110000
000000000000111001110000
000000000000111001110000
000000000000111001100000
000000000000111001100000
000000000000011111100000
000000000000011111111111
000000000000001111111111
000000000000000011100000
000000000000000011100000
000000000000000011100000
000000000000000011100000
000000000000000000000000
000000000000000000000000
start_draw_0:
000000000000000000000000
000000000000000000000000
000000000000000000000000
000000000000000000000000
000000000000000000000000
000000000000000000000000
111000000000000000000000
111000000000000000000000
111000000000000000000000
011000000000000000000000
011000000000000000000000
011000000000000000000000
011000001100000000000000
011000011100000000000000
011100011100000000000000
011100011000000000000000
011100011000000000000000
001100011000000000000000
001110011000000000000000
001111011000111100000000
001111111111111100000000
000011111111110000000000
000000011110000000000000
000000011000000000000000
000000011000000000000000
000000011000000000000000
000000011000000000000000
000000011000000000000000
000000000000000000000000
000000000000000000000000
000000000000000000000000
000000000000000000000000
000000000000000000000000
000000000000000000000000
000000000000000000000000
000000000000000000000000
start_draw_0:
000000000000000000000000
000000000000000000000000
000000000000000000000000
000000000000000000000000
000000000000000000000000
000000000000000000000000
000000000000000000000000
000000000000000000000000
000000000000000000000000
000000000000000000000000
000000000000000000000000
000000000000000000000000
000000000000011000000000
000000000000011000110000
000000000000011000110000
000000000000111001110000
000000000000111001110000
000000000000111001111110
000000000000111101111110
000000000000011111111110
000000000000001111111100
000000000000000011100000
000000000000000011100000
000000000000000011000000
000000000000000011000000
000000000000000011000000
000000000000000011000000
000000000000000011000000
000000000000000000000000
000000000000000000000000
000000000000000000000000
000000000000000000000000
000000000000000000000000
000000000000000000000000
000000000000000000000000
000000000000000000000000
start_draw_0:
000000000000000000000000
000000000000000000000000
000110000000000000000000
000110000000000000000000
000110000000000000000000
000110000000000000000000
000110000000000000000000
000110000011000000000000
000110000111000000000000
000110000111000000000000
000111000111000000000000
000111100111000000000000
000011111111111111000000
000011111111111111000000
000000000110000000000000
000000001110000000000000
000000001110000000000000
000000001110000000000000
000000001100000000000000
000000000000000000000000
000000000000000000000000
000000000000000000000000
000000000000000000000000
000000000000000000000000
000000000000000000000000
000000000000000000000000
000000000000000000000000
000000000000000000000000
000000000000000000000000
000000000000000000000000
000000000000000000000000
000000000000000000000000
000000000000000000000000
000000000000000000000000
000000000000000000000000
000000000000000000000000
start_draw_0:
000000000000000000000000
000000000000000000000000
000000000000000000000000
000000000000000000000000
000000000000000011100000
000000000000000011100000
000000000000000011100000
000000000000000011000000
000000000000000111000000
000000000000000111011100
000000000000000110011100
000000000000000110011100
000000000000001110011000
000000000000001110011000
000000000000001110111111
000000000000001110111111
000000000000001111111110
000000000000000111111100
000000000000000000110000
000000000000000000110000
000000000000000000110000
000000000000000000110000
000000000000000000110000
000000000000000000110000
000000000000000000000000
000000000000000000000000
000000000000000000000000
000000000000000000000000
000000000000000000000000
000000000000000000000000
000000000000000000000000
000000000000000000000000
000000000000000000000000
000000000000000000000000
000000000000000000000000
000000000000000000000000
start_draw_0:
000000000000000000000000
000000000000000000000000
001100000000000000000000
001100000110000000000000
001100000110000000000000
001110000110000000000000
001110000110000000000000
001110000110000000000000
000110000110000000000000
000111000110000000000000
000111000110000111100000
000111100110011111100000
000011111111111110000000
000001111111111100000000
000000001111000000000000
000000000110000000000000
000000000110000000000000
000000000110000000000000
000000000110000000000000
000000000110000000000000
000000000111000000000000
000000000111000000000000
000000000111000000000000
000000000011000000000000
000000000000000000000000
000000000000000000000000
000000000000000000000000
000000000000000000000000
000000000000000000000000
000000000000000000000000
000000000000000000000000
000000000000000000000000
000000000000000000000000
000000000000000000000000
000000000000000000000000
000000000000000000000000
start_draw_0:
000000000000000000000000
000000000000000000000000
000000000000000000000000
000000000001100000000000
000000000001100000000000
000000000001100001110000
000000000001100001110000
000000000001100001100000
000000000001110011100000
000000000001110011111000
000000000001110011111000
000000000001110011111000
000000000000111111110000
000000000000111111000000
000000000000000111000000
000000000000000111000000
000000000000000111000000
000000000000000110000000
000000000000000110000000
000000000000000111000000
000000000000000111000000
000000000000000000000000
000000000000000000000000
000000000000000000000000
000000000000000000000000
000000000000000000000000
000000000000000000000000
000000000000000000000000
000000000000000000000000
000000000000000000000000
000000000000000000000000
000000000000000000000000
000000000000000000000000
000000000000000000000000
000000000000000000000000
000000000000000000000000
start_draw_0:
000000000000000000000000
000110000000000000000000
001110000000000000000000
001110000000000000000000
001110001100000000000000
001100001100000000000000
001100001100000000000000
001110001100000000000000
001110001100000000000000
001111101100000000000000
000111111111111111000000
000011111111111111000000
000000001100000000000000
000000011100000000000000
000000011100000000000000
000000011100000000000000
000000011100000000000000
000000011000000000000000
000000011000000000000000
000000000000000000000000
000000000000000000000000
000000000000000000000000
000000000000000000000000
000000000000000000000000
000000000000000000000000
000000000000000000000000
000000000000000000000000
000000000000000000000000
000000000000000000000000
000000000000000000000000
000000000000000000000000
000000000000000000000000
000000000000000000000000
000000000000000000000000
000000000000000000000000
000000000000000000000000
start_draw_0:
000000000000000000000000
000000000000000000000000
000000000000000000000000
000000000000000000000000
000000000110000000000000
000000000110000000000000
000000000111000011000000
000000000111000011000000
000000000111000011000000
000000000111000011100000
000000000011100011100000
000000000011100011100000
000000000001110011111000
000000000001111011111000
000000000000111111110000
000000000000011111110000
000000000000000001100000
000000000000000001100000
000000000000000001100000
000000000000000001100000
000000000000000001110000
000000000000000001110000
000000000000000001110000
000000000000000000000000
000000000000000000000000
000000000000000000000000
000000000000000000000000
000000000000000000000000
000000000000000000000000
000000000000000000000000
000000000000000000000000
000000000000000000000000
000000000000000000000000
000000000000000000000000
000000000000000000000000
000000000000000000000000
start_draw_0:
000000000000000000000000
000000000000000000000000
000000000000000000000000
000000000000000000000000
000000000000000000000000
000000000000000000000000
000000000000000000000000
000000000000000000000000
000000000000000000000000
000000000000000000000000
000000000000000000000000
000000000000000000000000
000000000000000000000000
000000000000000000000000
000000000000000000000000
000000000000000000000000
000000000000000000000000
000110000000000000000000
000110000000000000000000
000110000011000000000000
000110000011000000000000
000111000011000000000000
000111000011000000000000
000111000111000000000000
000111101111001100000000
000011111111111100000000
000011111111111100000000
000001111111110000000000
000000001110000000000000
000000001110000000000000
000000001110000000000000
000000001110000000000000
000000001110000000000000
000000000000000000000000
000000000000000000000000
000000000000000000000000
start_draw_0:
000000000000000000000000
000000000000000000000000
000000000000000000000000
000000000000000000000000
000000000000000000000000
000000000000000000000000
000000000000000000000000
000000000000000000000000
000000000000000000000000
000000000000000000000000
000000000000000000000000
110000000000000000000000
110000000000000000000000
110000111000000000000000
110000111000000000000000
110000111000000000000000
110000110000000000000000
110000110000000000000000
111000110000000000000000
111101110011100000000000
111111111111100000000000
011111111111100000000000
000001100000000000000000
000001100000000000000000
000011100000000000000000
000011100000000000000000
000011100000000000000000
000000000000000000000000
000000000000000000000000
000000000000000000000000
000000000000000000000000
000000000000000000000000
000000000000000000000000
000000000000000000000000
000000000000000000000000
000000000000000000000000
start_draw_0:
000000000000000000000000
000000000000000000000000
000111000000000000000000
000111000000000000000000
000111000000000000000000
000111000110000000000000
000110001110000000000000
000110001110000000000000
000110001110000000000000
000110001110000000000000
000110001100000000000000
000110001100000000000000
000111001100000000000000
000111111110000000000000
000011111111111000000000
000000011111111000000000
000000011000000000000000
000000011000000000000000
000000011000000000000000
000000011000000000000000
000000011000000000000000
000000000000000000000000
000000000000000000000000
000000000000000000000000
000000000000000000000000
000000000000000000000000
000000000000000000000000
000000000000000000000000
000000000000000000000000
000000000000000000000000
000000000000000000000000
000000000000000000000000
000000000000000000000000
000000000000000000000000
000000000000000000000000
000000000000000000000000
start_draw_0:
000000000000000000000000
000000000000000000000000
000000000000000000000000
000000000000000000000000
000000000000000000000000
000000000000000000000000
000001100000000000000000
000001100000001100000000
000001100000001100000000
000001100000001100000000
000001100000001100000000
000001100000011100000000
000001100000011100000000
000001100000011100000000
000001100000011100000000
000001100000011000000000
000001100000011000000000
000001100000111000000000
000001100000111000000000
000001100000111000000000
000001110000110000000000
000001111110110000000000
000000111111111111111111
000000000111111111111111
000000000001110000000000
000000000001110000000000
000000000001100000000000
000000000001100000000000
000000000001100000000000
000000000001100000000000
000000000001100000000000
000000000001100000000000
000000000001100000000000
000000000000000000000000
000000000000000000000000
000000000000000000000000
start_draw_0:
000000000000000000000000
000000000000000000000000
000000000000110000000000
000111000000110000000000
000111000000110000000000
000111000001110000000000
000110000001110000000000
000110000001110000000000
000110000001100000000000
000110000001100000000000
000110000001100000000000
000110000001100000000000
000110000011100000000000
000110000011100000000000
000111000011100000000000
000111000011000000000000
000111100011000000000000
000011110011000000011100
000001111111111111111100
000001111111111111111000
000000000111111110000000
000000000011000000000000
000000000011000000000000
000000000011000000000000
000000000011000000000000
000000000011100000000000
000000000011100000000000
000000000011100000000000
000000000000000000000000
000000000000000000000000
000000000000000000000000
000000000000000000000000
000000000000000000000000
000000000000000000000000
000000000000000000000000
000000000000000000000000
start_draw_0:
000000000000000000000000
000000000000000000000000
000000000000000000000000
000000000000000000000000
000000000000000000000000
000000000000000000000000
000000000000000000000000
000000000000000000000000
000000000000000000000000
000000000000000000000000
000000000000000000000000
000000000000000000000000
000000000000000000000000
000000000000000000000000
000000000000000000000000
000000000000000000000000
000000000000000000000000
000000000000110000000000
000000000001110000000000
000000000001110000000000
000000000001100011000000
000000000001100111000000
000000000001100111000000
000000000001100111000000
000000000001100111000000
000000000001100111000000
000000000001100111000000
000000000001111111111111
000000000001111111111111
000000000000111111111111
000000000000000111000000
000000000000000111000000
000000000000000111000000
000000000000000110000000
000000000000000110000000
000000000000000110000000
start_draw_0:
000000000000000000000000
000000000000000000000000
000000000000000000000000
000000000000000000000000
000000000000000000000000
000000000000000000000000
000000000000000000000000
000000000000000000000000
000000000000000000000000
000000000000000000000000
000000000000000000000000
000000000000000000000000
000000000000000000000000
000000000000000000000000
000110000000000000000000
000110000000000000000000
000110000000000000000000
000110000000000000000000
000110000000000000000000
000110000000110000000000
000110000000110000000000
000110000000110000000000
000111000001110000000000
000111000001110000000000
000111000001111110000000
000011111111111110000000
000011111111111110000000
000000000001100000000000
000000000001100000000000
000000000001100000000000
000000000001100000000000
000000000001100000000000
000000000001100000000000
000000000001100000000000
000000000001100000000000
000000000000000000000000
start_draw_0:
000000000000000000000000
000000000000000000000000
000000000000000000000000
000000000000000000000000
000000000110000000000000
000000000110000000000000
000000000110000000000000
100000000110000000000000
100000001110000000000000
100000001110000000000000
110000001110000000000000
110000001100000000000000
111000001100110000000000
111110001111110000000000
011111111111110000000000
001111111111100000000000
000000011100000000000000
000000011100000000000000
000000011000000000000000
000000011000000000000000
000000011000000000000000
000000011000000000000000
000000111000000000000000
000000111000000000000000
000000111000000000000000
000000111000000000000000
000000000000000000000000
000000000000000000000000
000000000000000000000000
000000000000000000000000
000000000000000000000000
000000000000000000000000
000000000000000000000000
000000000000000000000000
000000000000000000000000
000000000000000000000000
start_draw_0:
000000000000000000000000
000000000000000000000000
000000000000000000000000
000000000000000000000000
000000000000110000000000
000000000000110000000000
000000000000110000000000
000000000000110000000000
000000000000110000000000
000000000001110000000000
000000000001110000000000
000000000001110000110000
000000000001110001110000
000000000001100001110000
000000000001100001100111
000000000001100001111111
000000000001110111111111
000000000001111111111000
000000000001111111100000
000000000000000011100000
000000000000000011100000
000000000000000011100000
000000000000000011000000
000000000000000011000000
000000000000000011000000
000000000000000011000000
000000000000000011000000
000000000000000000000000
000000000000000000000000
000000000000000000000000
000000000000000000000000
000000000000000000000000
000000000000000000000000
000000000000000000000000
000000000000000000000000
000000000000000000000000
start_draw_0:
000000000000000000000000
000000000000000000000000
000000000000000000000000
000000000000000000000000
000000000000000000000000
000000000000000000000000
011100000000000000000000
011100000011100000000000
011100000011100000000000
001110000011100000000000
001110000011000000000000
001110000011000000000000
000110000011000000000000
000110000011000000000000
000111000011000000000000
000111000111000000000000
000111000111011111000000
000011111111111111000000
000011111111111100000000
000000000110000000000000
000000000110000000000000
000000000110000000000000
000000001110000000000000
000000001110000000000000
000000001110000000000000
000000001110000000000000
000000000000000000000000
000000000000000000000000
000000000000000000000000
000000000000000000000000
000000000000000000000000
000000000000000000000000
000000000000000000000000
000000000000000000000000
000000000000000000000000
000000000000000000000000
start_draw_0:
000000000000000000000000
000011000000000000000000
000111000000000000000000
000111000000000000000000
000111000000000000000000
000110000011000000000000
000110000111000000000000
000110000111000000000000
000110000111000000000000
000111000111011000000000
000111000111111000000000
000011111111111000000000
000011111111110000000000
000000000110000000000000
000000000110000000000000
000000000110000000000000
000000000110000000000000
000000001110000000000000
000000001110000000000000
000000001110000000000000
000000001110000000000000
000000000000000000000000
000000000000000000000000
000000000000000000000000
000000000000000000000000
000000000000000000000000
000000000000000000000000
000000000000000000000000
000000000000000000000000
000000000000000000000000
000000000000000000000000
000000000000000000000000
000000000000000000000000
000000000000000000000000
000000000000000000000000
000000000000000000000000
start_draw_0:
000000000000000000000000
000000000000000000000000
000000000000000000000000
000000000000000000000000
000000000000000000000000
000000000000000000000000
000000000000000000000000
000000000000000000000000
000000000000000000000000
000000000000000000000000
000000000000000000000000
000000000000000000000000
000000000000000000000000
000000000000000000000000
000000000000000000000000
000000001100000000000000
000000001110000000000000
000000001110000000000000
000000001110000000000000
000000001110000000000000
000000001110000001100000
000000001110000011100000
000000001110000011100000
000000001110000011100000
000000001110000011000000
000000001110000111000000
000000000111111111110000
000000000111111111110000
000000000000000110000000
000000000000000110000000
000000000000000110000000
000000000000000110000000
000000000000000110000000
000000000000000000000000
000000000000000000000000
000000000000000000000000
start_draw_0:
000000000000000000000000
000000000000000000000000
000000000000000000000000
000000000000000000000000
000000000000000000000000
000000000000000000000000
000000000000000000000000
000000000000000000000000
000000000000000000000000
000000000000000000000000
000000000000000000000000
000000000000000000000000
000000000000000000000000
000000000000000000000000
000000111000000000000000
000000111000000000000000
000001110000000000000000
000001110000000000000000
000001110000000000000000
000001100000000110000000
000001100000000110000000
000001100000001110000000
000011100000001110000000
000011100000001110000000
000011100000011100000000
000001110000011111110000
000001111111111111110000
000000111111111111100000
000000000000111000000000
000000000000111000000000
000000000000111000000000
000000000000111000000000
000000000000110000000000
000000000000110000000000
000000000000000000000000
000000000000000000000000
start_draw_0:
000000000000000000000000
000000000000000000000000
000000000000000000000000
000000000000000000000000
000000000000000000000000
000000000000000000000000
000000000000000000000000
000000000000000000000000
000000000000000000000000
000000000000000000000000
000000000000000000000000
000000000111000000000000
000000000111000000000000
000000000111000000000000
000000000111000000000000
000000000111000001100000
000000000110000001100000
000000000110000001100000
000000000110000011100000
000000000110000011100000
000000000111000011111110
000000000111100111111110
000000000111111111111100
000000000001111111000000
000000000000000011000000
000000000000000111000000
000000000000000111000000
000000000000000111000000
000000000000000110000000
000000000000000110000000
000000000000000110000000
000000000000000110000000
000000000000000000000000
000000000000000000000000
000000000000000000000000
000000000000000000000000
start_draw_0:
000000000000000000000000
000000000000000000000000
000000000000000000000000
000000000000000000000000
000000000000000000000000
000000000000000000000000
000000000000000000000000
000000000000000000000000
000000000000000000000000
000000000000000000000000
000000000000000000000000
000000111000000000000000
000000111000000000000000
000001111000011000000000
000001110000011000000000
000001110000011000000000
000001100000111000000000
000011100000111000000000
000011100000111000000000
000011100000110000000000
000011000000110000000000
000011000000110000000000
000011110001110000000111
000011111111111111111111
000000111111111111111111
000000000001110000000000
000000000001100000000000
000000000001100000000000
000000000001100000000000
000000000001100000000000
000000000001100000000000
000000000001100000000000
000000000000000000000000
000000000000000000000000
000000000000000000000000
000000000000000000000000
start_draw_0:
000000000000000000000000
000000000000000000000000
000000000000000000000000
000000000000000000000000
000000000000111100000000
000000000001111100000000
000000000011111000000000
000000000111110000000000
000000000111110000000000
000000001111110000000000
000000011111110000000000
000000011101110000000000
000000111001110000000000
000001111001110000000000
000001110001100000000000
000001110001100000000000
000001111101100000000000
000001111111111111000000
000000011111111111000000
000000000011100000000000
000000000011100000000000
000000000011100000000000
000000000011100000000000
000000000011000000000000
000000000011000000000000
000000000011000000000000
000000000011000000000000
000000000011000000000000
000000000011000000000000
000000000000000000000000
000000000000000000000000
000000000000000000000000
000000000000000000000000
000000000000000000000000
000000000000000000000000
000000000000000000000000
start_draw_0:
000000000000000000000000
000000000000000000000000
000000000000000000000000
000000000000000000000000
000000000000000000000000
000000000000000000000000
000000000000000000000000
000000000000000000000000
000000000000000000000000
000000000000000000000000
000000000011000000000000
000000011111000000000000
000000011111000000000000
000000011111000000000000
000000011111000000000000
000000011111000000000000
000000011011000000000000
000000111011000000000000
000000111011000000000000
000000111011000000000000
000001110011000000000000
000001110011000000000000
000011110011000000000000
000011100111000000000000
000111100111000000000000
000111000111000000000000
000111111110000000000000
000111111111111000000000
000000011111111111000000
000000000110111111111000
000000000110000111111000
000000000110000000000000
000000000110000000000000
000000000110000000000000
000000000000000000000000
000000000000000000000000
start_draw_0:
000000000000000000000000
000000000000000000000000
000000001110000000000000
000000001110000000000000
000000011110000000000000
000000011100000000000000
000000011100000000000000
000000111000000000000000
000001111000000000000000
000001111000000000000000
000011111000000000000000
000111111000000000000000
000111111000000000000000
001111111000000000000000
011110111000000000000000
111100111000000000000000
111111111111100000000000
111111111111100000000000
000000111000000000000000
000000111000000000000000
000000111000000000000000
000000110000000000000000
000000110000000000000000
000000110000000000000000
000000000000000000000000
000000000000000000000000
000000000000000000000000
000000000000000000000000
000000000000000000000000
000000000000000000000000
000000000000000000000000
000000000000000000000000
000000000000000000000000
000000000000000000000000
000000000000000000000000
000000000000000000000000
start_draw_0:
000000000000000000000000
000000000000000000000000
000000000000000000000000
000000000000000000000000
000000000000000000000000
000000000000000000000000
000000000000000111100000
000000000000000111100000
000000000000000111100000
000000000000000111100000
000000000000000111000000
000000000000001111000000
000000000000001111000000
000000000000011111000000
000000000000111111000000
000000000000111111000000
000000000001111111000000
000000000011110111000000
000000000111100111000000
000000000111100111000000
000000001111000111000000
000000011110000111000000
000000111100000111000000
000001111000000110000000
000001110000000110000000
000001111000000110000000
000001111111100110000000
000000111111111111111111
000000000011111111111111
000000000000000110000000
000000000000000110000000
000000000000000110000000
000000000000000110000000
000000000000000110000000
000000000000000110000000
000000000000000000000000
start_draw_0:
000000000000000000000000
000000000000000000000000
000000000001110000000000
000000000011110000000000
000000000011100000000000
000000000111100000000000
000000000111100000000000
000000001111100000000000
000000001111100000000000
000000001111100000000000
000000011101100000000000
000000111101100000000000
000000111011100000000000
000001111011100000000000
000001110011100000000000
000011100011100000000000
000111100011100000000000
000111000011100000000000
001111000011000000000000
001110000011000000000000
001100000011000000000000
001100000011000000000000
001111000011000000000000
001111111111000000000000
000111111111111111111100
000000001111111111111100
000000000110000011111100
000000000110000000000000
000000000110000000000000
000000000110000000000000
000000000110000000000000
000000000110000000000000
000000000110000000000000
000000000000000000000000
000000000000000000000000
000000000000000000000000
start_draw_0:
000000000000000000000000
000000000000000000000000
000000000000000000000000
000000000000000000000000
000000000000011110000000
000000000000011110000000
000000000000111110000000
000000000000111110000000
000000000001111110000000
000000000001111110000000
000000000011111110000000
000000000011101110000000
000000000011101100000000
000000000111001100000000
000000000111001100000000
000000001110011100000000
000000001110011100000000
000000011100011100000000
000000011100011100000000
000000111000011000000000
000001111000011000000000
000001111111011000000000
000001111111111110000000
000000000111111111110000
000000000000011111110000
000000000000011000000000
000000000000011000000000
000000000000011000000000
000000000000011000000000
000000000000011000000000
000000000000011000000000
000000000000011000000000
000000000000011000000000
000000000000011000000000
000000000000000000000000
000000000000000000000000
start_draw_0:
000000000000000000000000
000000000000000001100000
000000000000000011100000
000000000000000011100000
000000000000000111100000
000000000000001111100000
000000000000011111100000
000000000000111111100000
000000000001111111000000
000000000001110111000000
000000000001111111000000
000000000001111111111000
000000000000111111111000
000000000000001111111000
000000000000001110000000
000000000000001100000000
000000000000011100000000
000000000000011100000000
000000000000011100000000
000000000000011000000000
000000000000111000000000
000000000000111000000000
000000000000111000000000
000000000000000000000000
000000000000000000000000
000000000000000000000000
000000000000000000000000
000000000000000000000000
000000000000000000000000
000000000000000000000000
000000000000000000000000
000000000000000000000000
000000000000000000000000
000000000000000000000000
000000000000000000000000
000000000000000000000000
start_draw_0:
000000000000000000000000
000000000000000000000000
000000111000000000000000
000000111110000000000000
000001111110000000000000
000011111110000000000000
000011111100000000000000
000111111000000000000000
000111111000000000000000
001110111000000000000000
001110110000000000000000
001111111111111100000000
001111111111111111000000
000001110000111111000000
000001110000000000000000
000001110000000000000000
000001110000000000000000
000001110000000000000000
000001110000000000000000
000001110000000000000000
000001110000000000000000
000000000000000000000000
000000000000000000000000
000000000000000000000000
000000000000000000000000
000000000000000000000000
000000000000000000000000
000000000000000000000000
000000000000000000000000
000000000000000000000000
000000000000000000000000
000000000000000000000000
000000000000000000000000
000000000000000000000000
000000000000000000000000
000000000000000000000000
start_draw_0:
000000000000000000000000
000000000000000000000000
000000000000000000000000
000000000000000000000000
000000000000000000000000
000000000000000000000000
000000000000000000000000
000000000000000000000000
000000000000000000000000
000000000000000000000000
000000000000000000000000
000000000000000000000000
000000000000000000000000
000000000000000000000000
000000000000000000000000
000000000000000000000000
000000000000000000000000
000000011100000000000000
000000011100000000000000
000000111110000000000000
000001111110000000000000
000011111110000000000000
000011101100000000000000
000111101100000000000000
000111001100000000000000
000111001100000000000000
000111111100000000000000
000011111111100000000000
000000111111100000000000
000000011000000000000000
000000011000000000000000
000000011000000000000000
000000011000000000000000
000000011000000000000000
000000111000000000000000
000000111000000000000000
start_draw_0:
000000000000000000000000
000000000000000000000000
000000000000000000000000
000000000000000000000000
000000000000000000000000
000000000000000000000000
000000000000000000000000
000000000000000000000000
000000000000000000000000
000000000000000000000000
000000000000000000000000
000000000000000000000000
000000000000000000000000
000000000000000000000000
000000000000000000000000
000000000000000000000000
000000000000000000000000
000000000000000011000000
000000000000000111000000
000000000000001111000000
000000000000011111110000
000000000000111101110000
000000000011111001100000
000000000011110011100000
000000000011110011100000
000000000011111111100000
000000000001111111111000
000000000000000111111110
000000000000000011111110
000000000000000011000000
000000000000000011000000
000000000000000011000000
000000000000000011000000
000000000000000011000000
000000000000000011000000
000000000000000000000000
start_draw_0:
000000000000000000000000
000000000000000000000000
000000000000000000000000
000000000000000000000000
000000000000000000000000
000000000000000000000000
000000000000000000000000
000000000110000000000000
000000000110000000000000
000000001110000000000000
000000011110000000000000
000000011110000000000000
000000111110000000000000
000000111110000000000000
000001110110000000000000
000011110110000000000000
000111100110000000000000
000111000110000000000000
001111111111111100000000
001111111111111111100000
000000000110011111100000
000000000110000000000000
000000000110000000000000
000000000110000000000000
000000000110000000000000
000000000110000000000000
000000000110000000000000
000000000110000000000000
000000000000000000000000
000000000000000000000000
000000000000000000000000
000000000000000000000000
000000000000000000000000
000000000000000000000000
000000000000000000000000
000000000000000000000000
start_draw_0:
000000000000000000000000
000000000000000000000000
000000000000000000000000
000000000000000000000000
000000000000000000000000
000000000000000000000000
000000000000000000000000
000000000000000000000000
000000000000000000000000
000000000000000000000000
000000000000000000000000
000000000000000000000000
000000000000000001110000
000000000000000011110000
000000000000000111100000
000000000000001111100000
000000000000011111100000
000000000000111101100000
000000000000111111100000
000000000001111011100000
000000000011110011000000
000000000111100111000000
000000000111000111000000
000000000111000111000000
000000000111111110000000
000000000111111111111111
000000000000111111111111
000000000000001110001111
000000000000001100000000
000000000000001100000000
000000000000001100000000
000000000000001100000000
000000000000000000000000
000000000000000000000000
000000000000000000000000
000000000000000000000000
start_draw_0:
000000000000000000000000
000000000000000000000000
000000000000000000000000
000000000000000000000000
000000001110000000000000
000000001110000000000000
000000011110000000000000
000000011110000000000000
000000111110000000000000
000000111110000000000000
000001111110000000000000
000011111110000000000000
000011101100000000000000
000111101100000000000000
000111001100000000000000
000111111110000000000000
000111111111111110000000
000000011111111110000000
000000011000000000000000
000000011000000000000000
000000011000000000000000
000000011000000000000000
000000011000000000000000
000000011000000000000000
000000011000000000000000
000000011000000000000000
000000011000000000000000
000000011000000000000000
000000000000000000000000
000000000000000000000000
000000000000000000000000
000000000000000000000000
000000000000000000000000
000000000000000000000000
000000000000000000000000
000000000000000000000000
start_draw_0:
000000000000000000000000
000000000000000000000000
000000000000000000000000
000000000000000000000000
000000000000000000000000
000000000000000000000000
000000000000000000000000
000000000000000000000000
000000000000000000000000
000000000000000001100000
000000000000000011110000
000000000000000011110000
000000000000000111110000
000000000000001111110000
000000000000011111100000
000000000000111111100000
000000000001111111000000
000000000011110111000000
000000000111100111000000
000000001111001110000000
000000001110001110000000
000000001110001110000000
000000001111101100000000
000000000111111100000000
000000000011111111111000
000000000000011111111110
000000000000011100111110
000000000000011100000000
000000000000011100000000
000000000000011100000000
000000000000000000000000
000000000000000000000000
000000000000000000000000
000000000000000000000000
000000000000000000000000
000000000000000000000000
start_draw_0:
000000000000000000000000
000000000000000000000000
000000000000000000000000
000000000000000011000000
000000000000000111000000
000000000000001111000000
000000000000011111000000
000000000000011111000000
000000000000111111000000
000000000001111111000000
000000000001110111000000
000000000011100111000000
000000000111100110000000
000000000111000110000000
000000001110000110000000
000000001110000110000000
000000011100001110000000
000000111100001110000000
000000111000001110000000
000001111000001100000000
000001110000001100000000
000001110000001100000000
000001100000011100000000
000001100000011100000000
000001100000011100000000
000001110000011100000000
000001111100011100000000
000001111111111111111100
000000011111111111111100
000000000000011000000000
000000000000011000000000
000000000000011000000000
000000000000011000000000
000000000000011000000000
000000000000011000000000
000000000000000000000000
start_draw_0:
000000000000000000000000
000000000000000000000000
000000000000000000000000
000000000000000000000000
000000000000000000000000
000000000000000000000000
000000000000000000000000
000000111000000000000000
000000111000000000000000
000001111000000000000000
000011110000000000000000
000011110000000000000000
000111100000000000000000
001111100000000000000000
011111100000000000000000
111101100000000000000000
111001100000000000000000
111001110000000000000000
110001110000000000000000
111111111111110000000000
111111111111110000000000
000001110000000000000000
000000110000000000000000
000000110000000000000000
000000110000000000000000
000000110000000000000000
000000111000000000000000
000000111000000000000000
000000111000000000000000
000000011000000000000000
000000011000000000000000
000000000000000000000000
000000000000000000000000
000000000000000000000000
000000000000000000000000
000000000000000000000000
start_draw_0:
000000000000000000000000
000000000000000000000000
000000000000000000000000
000000000000000011000000
000000000000000011000000
000000000000000111000000
000000000000001111000000
000000000000001110000000
000000000000011110000000
000000000000111110000000
000000000000111110000000
000000000001111110000000
000000000011110110000000
000000000011100110000000
000000000111100110000000
000000001111000110000000
000000001110001110000000
000000011110001110000000
000000111100001110000000
000000111100001100000000
000000111111111111000000
000000011111111111100000
000000000000001111100000
000000000000001100000000
000000000000001100000000
000000000000011100000000
000000000000011100000000
000000000000011100000000
000000000000011100000000
000000000000011100000000
000000000000000000000000
000000000000000000000000
000000000000000000000000
000000000000000000000000
000000000000000000000000
000000000000000000000000
start_draw_0:
000000000000000000000000
000000000000000000000000
000000000000000000000000
000000000000000000000000
000000000000000000000000
000000000000000000000000
000000000000000000000000
000000000000000000000000
000000000000000000000000
000000000000000000000000
000000000000000000000000
000000000000000000000000
000000000000000000000000
000000000000000000000000
000000000000000000000000
000000000011100000000000
000000000011100000000000
000000000011100000000000
000000000111100000000000
000000000111100000000000
000000001111100000000000
000000001111100000000000
000000011111100000000000
000000011101100000000000
000000011101100000000000
000000111001100000000000
000000111001100000000000
000000111111111110000000
000000111111111110000000
000000000001101110000000
000000000001100000000000
000000000001100000000000
000000000001100000000000
000000000001100000000000
000000000000000000000000
000000000000000000000000
start_draw_0:
000000000000000000000000
000000000000000000000000
000000000000000000000000
000000000000000000000000
000000000000000000000000
000000000000000000000000
000000000000000000000000
000000000000000000000000
000000000000000000000000
000000000000000000000000
000000000000000000000000
000000000000000000000000
000000000000000000000000
000000000000000000000000
000000000000000000000000
000000000000000000000000
000000000000000000000000
000000000000000000000000
000000000000000111000000
000000000000000111000000
000000000000001111000000
000000000000011111000000
000000000000011111000000
000000000000111111000000
000000000001111111000000
000000000011110111000000
000000000111100111000000
000000001111000111000000
000000001110000111000000
000000001111100111000000
000000000111111111110000
000000000011111111111110
000000000000000111111110
000000000000000111000000
000000000000000111000000
000000000000000000000000
start_draw_0:
000000000000000000000000
000000000000000000000000
000000000000000000000000
000000011100000000000000
000000111100000000000000
000000111100000000000000
000001111100000000000000
000001111100000000000000
000011111100000000000000
000011101100000000000000
000011101100000000000000
000111001100000000000000
000111001110000000000000
000110001110000000000000
000111101110000000000000
000111111111111000000000
000011111111111000000000
000000000110000000000000
000000000110000000000000
000000000110000000000000
000000000110000000000000
000000000110000000000000
000000000110000000000000
000000000110000000000000
000000000110000000000000
000000000000000000000000
000000000000000000000000
000000000000000000000000
000000000000000000000000
000000000000000000000000
000000000000000000000000
000000000000000000000000
000000000000000000000000
000000000000000000000000
000000000000000000000000
000000000000000000000000
start_draw_0:
000000000000000000000000
000000000000000000000000
000000000000000000000000
000000000000000011000000
000000000000000111000000
000000000000001111000000
000000000000011111100000
000000000001111111100000
000000000011111111000000
000000000111110111000000
000000001111100111000000
000000001111000110000000
000000001111100110000000
000000000111111110000000
000000000001111111110000
000000000000011111110000
000000000000000111110000
000000000000000110000000
000000000000000110000000
000000000000000110000000
000000000000000110000000
000000000000000110000000
000000000000000110000000
000000000000000000000000
000000000000000000000000
000000000000000000000000
000000000000000000000000
000000000000000000000000
000000000000000000000000
000000000000000000000000
000000000000000000000000
000000000000000000000000
000000000000000000000000
000000000000000000000000
000000000000000000000000
000000000000000000000000
start_draw_0:
000000000000000000000000
000000000000000000000000
000000000000000000000000
000000000000000000000000
000000000000000000000000
000000000000000000000000
000000000000000000000000
000000000000000000000000
000000000000000000000000
000000000000000000000000
000000000000000000000000
000000000000000000000000
000000000000000000000000
000000000000000000000000
000000110000000000000000
000000110000000000000000
000001110000000000000000
000011110000000000000000
000111110000000000000000
000111110000000000000000
001110110000000000000000
001110110000000000000000
011100110000000000000000
011100110000000000000000
011000110000000000000000
011100110000000000000000
011111111111100000000000
011111111111111111100000
000000110011111111100000
000000110000000111100000
000000110000000000000000
000000110000000000000000
000000110000000000000000
000000110000000000000000
000000000000000000000000
000000000000000000000000
start_draw_0:
000000000000000000000000
000000000000000000000000
000000001100000000000000
000000001100000000000000
000000011100000000000000
000000011100000000000000
000000111100000000000000
000000111100000000000000
000000111100000000000000
000001111100000000000000
000001111100000000000000
000011101100000000000000
000011101100000000000000
000011101100000000000000
000111001100000000000000
000111111100000000000000
000111111111100000000000
000000001111100000000000
000000001110000000000000
000000001110000000000000
000000000110000000000000
000000000110000000000000
000000000111000000000000
000000000111000000000000
000000000000000000000000
000000000000000000000000
000000000000000000000000
000000000000000000000000
000000000000000000000000
000000000000000000000000
000000000000000000000000
000000000000000000000000
000000000000000000000000
000000000000000000000000
000000000000000000000000
000000000000000000000000
start_draw_0:
000000000000000000000000
000000000000000000000000
000000000000000000000000
000000000000000000000000
000000000000000000000000
000000000000000000000000
000000000000000000000000
000000000000000000000000
000000000000000000000000
000000000000000000000000
000000000000000000000000
000000000000000000000000
000000000000000000000000
000000000000000000000000
000000000000000000000000
000000000000000000000000
000000000000000000000000
000000000000000000000000
000000000000000000000000
000000000000001110000000
000000000000001110000000
000000000000011110000000
000000000000111101100000
000000000001111001100000
000000000011110011100000
000000000111100011100000
000000001111000011100000
000000001110000111000000
000000001111111111000000
000000001111111111111110
000000000000011111111110
000000000000001110111110
000000000000001110000000
000000000000011100000000
000000000000011100000000
000000000000011100000000
start_draw_0:
000000000000000000000000
000000000000000000000000
000000000000000000000000
000000000000000000000000
000000000000000000000000
000000000000000000000000
000000000000000000000000
000000000000000000000000
000000000000000000000000
000000000001110000000000
000000000011110000000000
000000000111110000000000
000000001111110000000000
000000011111110000000000
000000111100110000000000
000000111000110000000000
000001111000110000000000
000011110000110000000000
000011100000110000000000
000011111111111111000000
000011111111111111000000
000000111111111111000000
000000000000110000000000
000000000000110000000000
000000000000110000000000
000000000000110000000000
000000000000110000000000
000000000000110000000000
000000000000110000000000
000000000000110000000000
000000000000000000000000
000000000000000000000000
000000000000000000000000
000000000000000000000000
000000000000000000000000
000000000000000000000000
start_draw_0:
000000000000000000000000
000000000000000000000000
000000000000000000000000
000000001110000000000000
000000001110000000000000
000000011110000000000000
000000111110000000000000
000000111110000000000000
000001111110000000000000
000001111110000000000000
000011111100000000000000
000011101100000000000000
000011101100000000000000
000111001100000000000000
000111001100000000000000
000111111100000000000000
000111111100000000000000
000001111111100000000000
000000011111111111000000
000000001101111111111100
000000001100000111111100
000000001100000000000000
000000001100000000000000
000000001110000000000000
000000001110000000000000
000000001110000000000000
000000000000000000000000
000000000000000000000000
000000000000000000000000
000000000000000000000000
000000000000000000000000
000000000000000000000000
000000000000000000000000
000000000000000000000000
000000000000000000000000
000000000000000000000000
start_draw_0:
000000000000000000000000
000000000000000000000000
000000000000000000000000
000000000000000000000000
000000000000000000000000
000000000000000110000000
000000000000000111100000
000000000000001111100000
000000000000011111100000
000000000000011111100000
000000000000111111000000
000000000001111011000000
000000000111110011000000
000000001111100111000000
000000011111000111000000
000000111110000110000000
000001111000000110000000
000011110000001110000000
000111110000001110000000
000111111111001100000000
000001111111111100000000
000000000111111111110000
000000000000111111110000
000000000000011001110000
000000000000111000000000
000000000000111000000000
000000000000111000000000
000000000000110000000000
000000000000110000000000
000000000000000000000000
000000000000000000000000
000000000000000000000000
000000000000000000000000
000000000000000000000000
000000000000000000000000
000000000000000000000000
start_draw_0:
000000000000000000000000
000000000000000000000000
000000000000000000000000
000000001100000000000000
000000011110000000000000
000000011110000000000000
000000011110000000000000
000000111110000000000000
000000111110000000000000
000000111110000000000000
000000110110000000000000
000000110110000000000000
000001110110000000000000
000001110110000000000000
000011100110000000000000
000011100110000000000000
000011100110000000000000
000011111110000000000000
000011111111100000000000
000000111111111111000000
000000000111111111000000
000000000110000000000000
000000000110000000000000
000000000110000000000000
000000000110000000000000
000000000110000000000000
000000000110000000000000
000000000000000000000000
000000000000000000000000
000000000000000000000000
000000000000000000000000
000000000000000000000000
000000000000000000000000
000000000000000000000000
000000000000000000000000
000000000000000000000000
start_draw_0:
000000000000000000000000
000000000000000000000000
000000000000000000000000
000000000000000000000000
000000000000000000000000
000000000000000000000000
000000000000000000000000
000000000000000000000000
000000000000000000000000
000000000000000000000000
000000000000001100000000
000000000000011100000000
000000000000011100000000
000000000000011100000000
000000000000111100000000
000000000001111100000000
000000000001111100000000
000000000011111100000000
000000000111101100000000
000000000111001100000000
000000001111001100000000
000000001110001100000000
000000001111111110000000
000000000111111111111111
000000000000111111111111
000000000000000110000000
000000000000000110000000
000000000000000110000000
000000000000000110000000
000000000000000110000000
000000000000000110000000
000000000000000110000000
000000000000000110000000
000000000000000110000000
000000000000000000000000
000000000000000000000000
start_draw_0:
000000000000000000000000
000000000000000000000000
000000000000000000000000
000000000000000000000000
000000000011000000000000
000000000011000000000000
000000000111100000000000
000000000111100000000000
000000000111100000000000
000000001111100000000000
000000001111100000000000
000000011111100000000000
000000011101100000000000
000000111101100000000000
000001111001100000000000
000001110001110000000000
000011110001110000000000
000011111111111111100000
000011111111111111100000
000000000001110000000000
000000000001110000000000
000000000001110000000000
000000000001110000000000
000000000001110000000000
000000000001110000000000
000000000001110000000000
000000000000110000000000
000000000000110000000000
000000000000110000000000
000000000000000000000000
000000000000000000000000
000000000000000000000000
000000000000000000000000
000000000000000000000000
000000000000000000000000
000000000000000000000000