start_draw_0:
000000000000000000000000
000000000000000000000000
000000000000000000000000
000000000000000000000000
000000000000000000000000
000000000000000000000000
000000000000000000000000
000000000000000000000000
000000000000000000000000
000000000000000000000000
000000000000000000000000
000000000000011000000000
000000000001111000000000
000000001111111000000000
000001111111100000000000
000001111100000000000000
000001110000000000000000
000001100000000000000000
000001100000000000000000
000001100000000000000000
000001100000000000000000
000001111111000000000000
000001111111100000000000
000000000111100000000000
000000000011110000000000
000000000001110000000000
000000000000110000000000
000000000000110000000000
000000000001110000000000
000000000011110000000000
000000011111110000000000
000000011111000000000000
000000011100000000000000
000000000000000000000000
000000000000000000000000
000000000000000000000000
start_draw_0:
000000000000000000000000
000000000000000000000000
000000000000000000000000
000001111000000000000000
000001111100000000000000
000000111111000000000000
000000111111111000000000
000000110011111100000000
000000110000111110000000
000001110000001110000000
000001110000000000000000
000001110000000000000000
000001100000000000000000
000011100000000000000000
000011100000000000000000
000011100000000000000000
000011111000000000000000
000011111110000000000000
000000111111100000000000
000000000111110000000000
000000000001111000000000
000000000000111100000000
000000000000011100000000
000000000000011110000000
000000000000001110000000
000000000000001110000000
000000000000000110000000
000000000000000110000000
000000000000011110000000
000000000011111110000000
000000000111111100000000
000000000111100000000000
000000000000000000000000
000000000000000000000000
000000000000000000000000
000000000000000000000000
start_draw_0:
000000000000011000000000
000000011111111000000000
000111111111111000000000
000111111100000000000000
000111100000000000000000
000110000000000000000000
000110000000000000000000
000110000000000000000000
000110000000000000000000
000110000000000000000000
000110000000000000000000
000110000000000000000000
000111100000000000000000
000111111000000000000000
000111111100000000000000
000000111100000000000000
000000011100000000000000
000000001110000000000000
000000001110000000000000
000000000110000000000000
000000000110000000000000
000000000110000000000000
000000000110000000000000
000000000110000000000000
000000000110000000000000
000000000110000000000000
000000001110000000000000
000000011110000000000000
000011111100000000000000
000011111000000000000000
000000000000000000000000
000000000000000000000000
000000000000000000000000
000000000000000000000000
000000000000000000000000
000000000000000000000000
start_draw_0:
000000000000000000000000
000000000000000000000000
000000000000000000000000
000000000000000000000000
000000000000000000000000
000000000000000000000000
000000000000000000000000
000000000000000000000000
000000000000000000000000
000000000000000000000000
000000000000000000000000
000000000000000000000000
000000001111111000000000
000001111111111000000000
000111111110000000000000
000111100000000000000000
000111000000000000000000
000110000000000000000000
000110000000000000000000
000110000000000000000000
000111111111100000000000
000111111111110000000000
000000000011111100000000
000000000000111110000000
000000000000011110000000
000000000000001111000000
000000000000000111000000
000000000000000011000000
000000000000000011000000
000000000000000111000000
000000000000011111000000
000000000000011110000000
000000000000011000000000
000000000000000000000000
000000000000000000000000
000000000000000000000000
start_draw_0:
000000000000000000000000
000000000000000000000000
000000000000000000000000
000000000000000011100000
000000000000001111100000
000000000000011111000000
000000000000111100000000
000000000001111000000000
000000000011110000000000
000000000011100000000000
000000000001100000000000
000000000011100000000000
000000000011100000000000
000000000011100000000000
000000000011110000000000
000000000011111100000000
000000000011111110000000
000000000011001110000000
000000000000000110000000
000000000000000110000000
000000000000000110000000
000000000000001110000000
000000000000111110000000
000000000001111100000000
000000000011111000000000
000000000011100000000000
000000000011000000000000
000000000000000000000000
000000000000000000000000
000000000000000000000000
000000000000000000000000
000000000000000000000000
000000000000000000000000
000000000000000000000000
000000000000000000000000
000000000000000000000000
start_draw_0:
000000000000000000000000
000000000001110000000000
000000000111110000000000
000001111111110000000000
001111111110000000000000
001111110000000000000000
001110000000000000000000
001100000000000000000000
001100000000000000000000
001100000000000000000000
001100000000000000000000
001100000000000000000000
001100000000000000000000
001100000000000000000000
001100000000000000000000
001100000000000000000000
001100000000000000000000
001100000000000000000000
001110000000000000000000
001110000000000000000000
001110000000000000000000
000111000000000000000000
000111000000000000000000
000111000000000000000000
000011111111110000000000
000011111111111000000000
000011111000111100000000
000001100000011100000000
000000000000011100000000
000000000000111100000000
000000011111111100000000
000000011111111000000000
000000011110000000000000
000000000000000000000000
000000000000000000000000
000000000000000000000000
start_draw_0:
000000000000000000000000
000000000000000000000000
000000000000000000000000
000000000000000000000000
000000000000000000000000
000000000000000000000000
000000000000000000000000
000000000000000000000000
000000000000000000000000
000000000000000000000000
000000000000000000000000
000000000000000000000000
000000000000000000000000
000000000000000000000000
000000000000000000000000
000000000000000000000000
000000000000000000000000
000000000000000000000000
000000000000000000011100
000000000000111111111100
000000000001111111111100
000000000001111000000000
000000000001110000000000
000000000001100000000000
000000000001100000000000
000000000001110000000000
000000000001111100000000
000000000001111111000000
000000000000011111110000
000000000000000011110000
000000000000000001111000
000000000000000000111000
000000000000111111111000
000000000000111111110000
000000000000011110000000
000000000000000000000000
start_draw_0:
000000000000000000000000
000000000000000000000000
000000000000000000000000
000000000000000000000000
000000000000000000000000
000000000000000000000000
000000000000000000000000
000000000000000000000000
000000000000000000000000
000000000000000000000000
000000000000000000000000
000000000000000000000000
000000000000000000000000
000000000000000000000000
000000000000000000000000
000000000000000000000000
000000000011100000000000
000000111111100000000000
000011111111000000000000
000111111000000000000000
000111000000000000000000
000111000000000000000000
000111000000000000000000
000110000000000000000000
000111100000000000000000
000111111100000000000000
000001111111000000000000
000000001111100000000000
000000000011100000000000
000000000001100000000000
000000000011100000000000
000000000111100000000000
000000011111000000000000
000001111110000000000000
000001111100000000000000
000000000000000000000000
start_draw_0:
000000000000000000000000
000000000000000011100000
000000000000011111100000
000000000000111111100000
000000000011111100000000
000000000011110000000000
000000000011000000000000
000000000011000000000000
000000000011000000000000
000000000011000000000000
000000000011000000000000
000000000011100000000000
000000000011111100000000
000000000011111111000000
000000000000001111100000
000000000000000111100000
000000000000000011110000
000000000000000001110000
000000000000000000110000
000000000000000011110000
000000000000000011110000
000000000000000011000000
000000000000000000000000
000000000000000000000000
000000000000000000000000
000000000000000000000000
000000000000000000000000
000000000000000000000000
000000000000000000000000
000000000000000000000000
000000000000000000000000
000000000000000000000000
000000000000000000000000
000000000000000000000000
000000000000000000000000
000000000000000000000000
start_draw_0:
000000000000000000000000
001111111110000000000000
001111111110000000000000
001111000000000000000000
001100000000000000000000
001100000000000000000000
001100000000000000000000
001100000000000000000000
001100000000000000000000
001100000000000000000000
001110000000000000000000
001111111110000000000000
001111111111100000000000
000111000111100000000000
000000000011110000000000
000000000001110000000000
000000000000111000000000
000000000000111000000000
000000000000011000000000
000000000000011000000000
000000000000011000000000
000000000000011100000000
000000000000011100000000
011100000001111000000000
011111111111111000000000
011111111111111000000000
000000000000000000000000
000000000000000000000000
000000000000000000000000
000000000000000000000000
000000000000000000000000
000000000000000000000000
000000000000000000000000
000000000000000000000000
000000000000000000000000
000000000000000000000000
start_draw_0:
000000000000000000000000
000000000000000000000000
000000000000000000000000
000000000000000000000000
000000000000000000000000
000000000000000000000000
000000000000000000000000
000000000000000000000000
000000000000000000000000
000000000000000000000000
000000000000000000000000
000000000000000000000000
000000000000000000000000
000000000000000000000000
000000000000000000000000
000000000000000000000000
000000000000000000000000
000000000000000000000000
000000000000000000000000
000000000111111110000000
000000000111111111110000
000000000111111111111110
000000000001100000111110
000000000001100000000000
000000000001111110000000
000000000001111111110000
000000000000001111111000
000000000000000000111100
000000000000000000011100
000000000000000000011100
000000001110000000011100
000000001111111111111100
000000000111111111111100
000000000000000000000000
000000000000000000000000
000000000000000000000000
start_draw_0:
000000000000000000000000
000000000000000000000000
000000000000000000000000
000000110000000000000000
000000111111100000000000
000000111111111111000000
000000011111111111111111
000000111000000111111111
000000111000000000000111
000000111000000000000000
000000110000000000000000
000000110000000000000000
000000111110000000000000
000000111111111000000000
000000000111111111000000
000000000000111111100000
000000000000000111110000
000000000000000001110000
000000000000000001110000
000000000000000011110000
000000000000000111100000
000000111111111111000000
000000111111111111000000
000000011110000000000000
000000000000000000000000
000000000000000000000000
000000000000000000000000
000000000000000000000000
000000000000000000000000
000000000000000000000000
000000000000000000000000
000000000000000000000000
000000000000000000000000
000000000000000000000000
000000000000000000000000
000000000000000000000000
start_draw_0:
000000000000000000000000
000000000000000000000000
000000000000000000000000
000000000000000000000000
000000000000000000000000
000000000000000000000000
000000000000000000000000
000000000000000000000000
000000000000000000000000
000000000000000000000000
000000000000000000000000
000000000000000000000000
000000000000000000000000
000000000000000000000000
000000000000000000000000
000000000000000000000000
000000000000000000000000
000000000000001100000000
000000000011111100000000
000000011111111100000000
000000111111100000000000
000000111100000000000000
000001111000000000000000
000001110000000000000000
000001110000000000000000
000001110000000000000000
000001110000000000000000
000000110000000000000000
000000110000111111100000
000000110111111111100000
000000111111111001100000
000000111110000011100000
000000111000000111100000
000000000000011111100000
000001111111111111000000
000001111111111100000000
start_draw_0:
000000000000000000000000
000000000000000000000000
000000000001100000011110
000000000001111111111110
000000000001111111111110
000000000001111000000000
000000000001100000000000
000000000001110000000000
000000000001110000000000
000000000001110000000000
000000000000110000000000
000000000000111000000000
000000000000111000000000
000000000000111111000000
000000000000011111111000
000000000000011111111100
000000000000000000111111
000000000000000000001111
000000000000000000000111
000000000000000000000111
000000000000000000000111
000000000000000000000111
000000000000011000111111
000000000000011111111111
000000000000011111111111
000000000000000000000000
000000000000000000000000
000000000000000000000000
000000000000000000000000
000000000000000000000000
000000000000000000000000
000000000000000000000000
000000000000000000000000
000000000000000000000000
000000000000000000000000
000000000000000000000000
start_draw_0:
000000000000000000000000
000000000000000000000000
000000000000000000000000
000110000000000000000000
011110000000000000000000
011111111111100000000000
011111111111100000000000
000110000000000000000000
000111000000000000000000
000111000000000000000000
000111000000000000000000
000011000000000000000000
000011100000000000000000
000011111000000000000000
000001111110000000000000
000000011111110000000000
000000000111111000000000
000000000001111110000000
000000000000011111000000
000000000000000111000000
000000000000000111000000
000001111111111111000000
000001111111111110000000
000000000000000000000000
000000000000000000000000
000000000000000000000000
000000000000000000000000
000000000000000000000000
000000000000000000000000
000000000000000000000000
000000000000000000000000
000000000000000000000000
000000000000000000000000
000000000000000000000000
000000000000000000000000
000000000000000000000000
start_draw_0:
000000000000000000000000
000000000000000000000000
000000000000000000000000
000000000000000000000000
000000000000000000000000
000000000000000000000000
000000000000000000000000
000000000000000000000000
000000000000000000000000
000000000000000000000000
000000000000000000000000
000000000000000000000000
000000000000000000000000
000000000000000000000000
000000000000000000000000
000000000000000000000000
000000111111111111000000
000000111111111111000000
000000111100000000000000
000000011000000000000000
000000011000000000000000
000000011111100000000000
000000011111111000000000
000000011111111100000000
000000000000011100000000
000000000000011100000000
000000000000001100000000
000000000000011100000000
000000000000011100000000
000000000011111100000000
000000011111111000000000
000000011111100000000000
000000000000000000000000
000000000000000000000000
000000000000000000000000
000000000000000000000000
start_draw_0:
000000000000000000000000
000000000000000000000000
000001111111111111100000
000001111111111111110000
000001100000000111110000
000001100000000000000000
000001100000000000000000
000001100000000000000000
000011100000000000000000
000011100000000000000000
000011100000000000000000
000011100000000000000000
000011000000000000000000
000011000000000000000000
000011001111111000000000
000011011111111110000000
000011111110011111000000
000011111000001111100000
000011111000000011100000
000011110000000001110000
000001110000000001110000
000001100000000000110000
000000000000000000110000
000000000000000000110000
000000000000000001110000
000000000000000001110000
000000000000000011100000
000000000000000111100000
000000000111000111000000
000000000111101111000000
000000000111111110000000
000000000001111100000000
000000000000000000000000
000000000000000000000000
000000000000000000000000
000000000000000000000000
start_draw_0:
000000000000000000000000
000000000000000000000000
011111111111000000000000
011111111111111000000000
011110001111111000000000
011000000000000000000000
011000000000000000000000
011000000000000000000000
011000000000000000000000
011000000000000000000000
011100000000000000000000
011100000000000000000000
001100000000000000000000
001110000000000000000000
001110000000000000000000
001110000000000000000000
000110000000000000000000
000111000000000000000000
000111000000000000000000
000011001111000000000000
000011111111111110000000
000011111111111111100000
000001110000001111111000
000000000000000011111000
000000000000000000111100
000000000000000000011110
000000000000000000001110
000000000000000000000110
000000000000000000000110
000000000000000000001110
000000000000000000001110
000000000000000000011110
000000000000000000111100
000000000111101111111000
000000000111111111110000
000000000011111110000000
start_draw_0:
000000000000000000000000
000000000000000000000000
000000000000000000000000
000000000000000000000000
000000000000000000000000
000000000000000000000000
011110000000000000000000
011111111111100000000000
011111111111100000000000
011000000000000000000000
011000000000000000000000
011000000000000000000000
011000000000000000000000
011000000000000000000000
011111111110000000000000
011111111111000000000000
011110000111000000000000
000000000011100000000000
000000000011100000000000
000000000011100000000000
000000000111100000000000
000000001111000000000000
000000011110000000000000
000001111110000000000000
000011111000000000000000
011111110000000000000000
011111000000000000000000
000000000000000000000000
000000000000000000000000
000000000000000000000000
000000000000000000000000
000000000000000000000000
000000000000000000000000
000000000000000000000000
000000000000000000000000
000000000000000000000000
start_draw_0:
000000000000000000000000
000000000000000000000000
000000000000000000000000
000000000000000000000000
000000000000000000000000
000000000000000000000000
000000000000000000000000
000000000000011111100000
000000000011111111100000
000000000111111100000000
000000000111000000000000
000000000110000000000000
000000000110000000000000
000000000111000000000000
000000000111000000000000
000000000111000000000000
000000000011100000000000
000000000011110011100000
000000000001111111111000
000000000001111111111000
000000000000000000011100
000000000000000000011100
000000000000000000011100
000000000000000000001100
000000000000000000001100
000000000000000000011100
000000000111111111111100
000000000111111111111000
000000000011111111100000
000000000000000000000000
000000000000000000000000
000000000000000000000000
000000000000000000000000
000000000000000000000000
000000000000000000000000
000000000000000000000000
start_draw_0:
000000000000000000000000
000000000000000000000000
000001100000000000000000
001111111111000000000000
011111111111000000000000
011100000000000000000000
001100000000000000000000
001100000000000000000000
001110000000000000000000
001110000000000000000000
000110000000000000000000
000111000000000000000000
000111000000000000000000
000111100000000000000000
000011111111000000000000
000011111111100000000000
000000000111110000000000
000000000001110000000000
000000000001110000000000
000000000001110000000000
000000000011110000000000
001100000111100000000000
001111111111000000000000
001111111110000000000000
000000000000000000000000
000000000000000000000000
000000000000000000000000
000000000000000000000000
000000000000000000000000
000000000000000000000000
000000000000000000000000
000000000000000000000000
000000000000000000000000
000000000000000000000000
000000000000000000000000
000000000000000000000000
start_draw_0:
000000000000000000000000
000000000000000000000000
000000000000000000111000
000000000000000001111000
000000000011111111110000
000000000011111111100000
000000000011111000000000
000000000011000000000000
000000000011000000000000
000000000011000000000000
000000000011111111000000
000000000011111111110000
000000000000000111111000
000000000000000000111100
000000000000000000011100
000000000000000000001110
000000000000000000001110
000000000000000000000110
000000000000000000000110
000000000000000000001110
000000000011111111111110
000000000011111111111100
000000000000000000000000
000000000000000000000000
000000000000000000000000
000000000000000000000000
000000000000000000000000
000000000000000000000000
000000000000000000000000
000000000000000000000000
000000000000000000000000
000000000000000000000000
000000000000000000000000
000000000000000000000000
000000000000000000000000
000000000000000000000000
start_draw_0:
000000000000000000000000
000000000000000000000000
000000000000000000000000
000000000000000000000000
000000000000000000000000
000000000000000000000000
000000000000000000000000
000000000000000000000000
000000000000000000000000
000000000000000000000000
000000000000000000000000
000000000000000000000000
000000000000000000000000
000000000000000000000000
000000000000000000000000
000000000000000000000000
000000001110111000000000
000000001111111000000000
000000111111110000000000
000000111110000000000000
000000011100000000000000
000000111000000000000000
000000111000000000000000
000000111111000000000000
000000111111111000000000
000000000111111110000000
000000000000011111000000
000000000000000111000000
000000000000000011000000
000000000000000111000000
000000000000001111000000
000001100000111111000000
000001111111111110000000
000001111111111000000000
000000000000000000000000
000000000000000000000000
start_draw_0:
000000000000000000000000
000000000000000000000000
000000000000000000000000
000000000000000000000000
000000000000000000000000
000000000000000000000000
000000000000000000000000
000000000000000000000000
000000000000000000000000
000000000000000000000000
000000000000000000000000
000000000000000000000000
000000000000000000000000
000000000000000000000000
000000000000000000000000
000000000000000000000000
000000000001111111100000
000000000111111111100000
000000001111110000000000
000000011111000000000000
000000011111000000000000
000000011111000000000000
000000000011000000000000
000000000011000000000000
000000000011100000000000
000000000011111111111000
000000000001111111111100
000000000000000000011100
000000000000000000011100
000000000000000000011000
000000000000000000111000
000000000000000001111000
000000000000000111110000
000000001111111111100000
000000001111111111000000
000000001111110000000000
start_draw_0:
000000000000000000000000
000000000000000000000000
000000000000000000000000
011111111111000000000000
011111111111111100000000
011111111111111100000000
001100000000000000000000
001100000000000000000000
001100000000000000000000
001100000000000000000000
001110111111100000000000
001111111111111000000000
001111111111111000000000
000000000000011000000000
000000000000011000000000
000000000000011000000000
000000000000111000000000
000000000001111000000000
000000000011110000000000
000000111111110000000000
000000111111100000000000
000000011110000000000000
000000000000000000000000
000000000000000000000000
000000000000000000000000
000000000000000000000000
000000000000000000000000
000000000000000000000000
000000000000000000000000
000000000000000000000000
000000000000000000000000
000000000000000000000000
000000000000000000000000
000000000000000000000000
000000000000000000000000
000000000000000000000000
start_draw_0:
000000000000000000000000
000000000000000000000000
000000000000000000000000
000000000000000000000000
000000000000000000000000
000000000000000011110000
000000000000111111110000
000000000111111111100000
000000000111110000000000
000000000111000000000000
000000000110000000000000
000000000111000000000000
000000000111000000000000
000000000111000000000000
000000000011110000000000
000000000011111100000000
000000000001111111000000
000000000000001111100000
000000000000000011100000
000000000000000001100000
000000000000000001110000
000000000000000001110000
000000000000000001110000
000000000000000001110000
000000000000000000110000
000000000000000000110000
000000000000000000110000
000000000000000001110000
000000000000000001110000
000000011100000001110000
000000011111000011100000
000000011111111111100000
000000000111111111000000
000000000000000000000000
000000000000000000000000
000000000000000000000000
start_draw_0:
000000000000000000000000
000000000000000000000000
000000000000000000000000
000000000000000000000000
000000000000000000000000
000000000000000000000000
000000111111111111000000
000001111111111111000000
000001111111111111000000
000000110000000000000000
000000110000000000000000
000000110000000000000000
000000110000000000000000
000000110000000000000000
000000111000000000000000
000000111000000000000000
000000111000000000000000
000000011000000000000000
000000011100000000000000
000000011100000000000000
000000011100000000000000
000000001100000000000000
000000001110000000000000
000000001110000000000000
000000001110000000000000
000000000111000000000000
000000000111000000000000
000000000111000000000000
000000000011111111000000
000000000011111111100000
000000000000000011100000
000000000000000011100000
000000001100000001100000
000000001111111111100000
000000001111111111100000
000000000000000000000000
start_draw_0:
000000011000000000000000
000000011100000000000000
000000011111000000000000
000000011111111111100000
000000011111111111100000
000000011000000111100000
000000011000000000000000
000000111000000000000000
000000111100000000000000
000000111111000000000000
000000001111110000000000
000000000011111000000000
000000000000111100000000
000000000000011100000000
000000000000011100000000
000000000000001100000000
000000000000001100000000
000000000000011100000000
000000000000111100000000
000000111111111000000000
000000111111110000000000
000000000000000000000000
000000000000000000000000
000000000000000000000000
000000000000000000000000
000000000000000000000000
000000000000000000000000
000000000000000000000000
000000000000000000000000
000000000000000000000000
000000000000000000000000
000000000000000000000000
000000000000000000000000
000000000000000000000000
000000000000000000000000
000000000000000000000000
start_draw_0:
000000000000000000000000
000000000000000000000000
000000000000000000000000
000000000000000000000000
000000000000000000000000
000000000000000000000000
000000000000000000000000
000000000000000000000000
000000000000000000000000
000000000000000000000000
000000000000000000000000
000000000000000000000000
000000000000000000000000
000000000000000000000000
000000000000011100000000
000000000011111100000000
000000000111111100000000
000000011111100000000000
000000111110000000000000
000000111100000000000000
000011111000000000000000
000011111000000000000000
000011111000000000000000
000000011100111111111000
000000011111111111111100
000000001111110000111110
000000001111000000001110
000000000000000000001110
000000000000000000011110
000000000000000001111100
000000000000000111111000
000000000000011111110000
000000000000011111000000
000000000000011000000000
000000000000000000000000
000000000000000000000000
start_draw_0:
000000000000000000000000
000000000000000000000000
000000000000000000000000
000000000000000000000000
000000000000000000000000
000000000000000000000000
000000000000000000000000
000000000000000000000000
000000000001111111110000
000000000001111111111100
000000000001111001111100
000000000000011000001100
000000000000011000000000
000000000000111000000000
000000000000111000000000
000000000000111000000000
000000000000111000000000
000000000000111111000000
000000000000111111110000
000000000000000111111000
000000000000000001111100
000000000000000000011110
000000000000000000001110
000000000000000000001110
000000000000000000001110
000000000111111111111110
000000000111111111111100
000000000000000000000000
000000000000000000000000
000000000000000000000000
000000000000000000000000
000000000000000000000000
000000000000000000000000
000000000000000000000000
000000000000000000000000
000000000000000000000000
start_draw_0:
000000000000000000000000
000000000000000000000000
011100000000011000000000
011111111111111000000000
011111111111111000000000
011100000000000000000000
011000000000000000000000
011000000000000000000000
011000000000000000000000
011000000000000000000000
011000000000000000000000
011100000000000000000000
011111000000000000000000
011111111100000000000000
000111111111100000000000
000000001111110000000000
000000000011111000000000
000000000000111100000000
000000000000011100000000
000000000000001110000000
000000000000001110000000
000000000000000110000000
000000000000000110000000
000000111111011110000000
000000111111111110000000
000000001111111000000000
000000000000000000000000
000000000000000000000000
000000000000000000000000
000000000000000000000000
000000000000000000000000
000000000000000000000000
000000000000000000000000
000000000000000000000000
000000000000000000000000
000000000000000000000000
start_draw_0:
000000000000000000000000
000000000000000000000000
000000000000000000000000
000000000000000000000000
000000000000000000000000
000000000000000000000000
000000000001111111111000
000000000011111111111000
000000000011000000000000
000000000011000000000000
000000000011100000000000
000000000011100000000000
000000000001100000000000
000000000001111111110000
000000000001111111111000
000000000001111100111100
000000000000000000011100
000000000000000000001110
000000000000000000001110
000000000000000000000110
000000000000000000000110
000000000000000000000110
000000000000000000001110
000000000000000000001110
000000000000000000011100
000000000000111111111100
000000000000111111111000
000000000000001111000000
000000000000000000000000
000000000000000000000000
000000000000000000000000
000000000000000000000000
000000000000000000000000
000000000000000000000000
000000000000000000000000
000000000000000000000000
start_draw_0:
000000000000000000000000
000000111000000000000000
000111111000000000000000
000111110000000000000000
000111000000000000000000
000111000000000000000000
000011000000000000000000
000011000000000000000000
000011111111000000000000
000011111111100000000000
000011111111100000000000
000000000011110000000000
000000000001110000000000
000000000001110000000000
000000000001110000000000
000000000001110000000000
000000000011110000000000
000000011111100000000000
000011111111000000000000
000011111100000000000000
000000000000000000000000
000000000000000000000000
000000000000000000000000
000000000000000000000000
000000000000000000000000
000000000000000000000000
000000000000000000000000
000000000000000000000000
000000000000000000000000
000000000000000000000000
000000000000000000000000
000000000000000000000000
000000000000000000000000
000000000000000000000000
000000000000000000000000
000000000000000000000000
start_draw_0:
000000000000000000000000
000000000000000000000000
000000000000000000000000
000000000000111111110000
000000000001111111111110
000000000001111101111110
000000000000001100001110
000000000000001100000000
000000000000001100000000
000000000000001100000000
000000000000001111111000
000000000000001111111110
000000000000001111111111
000000000000000000000111
000000000000000000000011
000000000000000000000111
000000000000000000001111
000000000000011111111110
000000000000011111111100
000000000000000000000000
000000000000000000000000
000000000000000000000000
000000000000000000000000
000000000000000000000000
000000000000000000000000
000000000000000000000000
000000000000000000000000
000000000000000000000000
000000000000000000000000
000000000000000000000000
000000000000000000000000
000000000000000000000000
000000000000000000000000
000000000000000000000000
000000000000000000000000
000000000000000000000000
start_draw_0:
000000000000000000000000
000000000000000000000000
000000000000000000000000
000011111111111110000000
000111111111111110000000
000111100000000000000000
000001100000000000000000
000001100000000000000000
000011100000000000000000
000011100000000000000000
000011100000000000000000
000011100000000000000000
000001100000000000000000
000001100000000000000000
000001100000000000000000
000001100000000000000000
000001110000000000000000
000001110000000000000000
000001110000000000000000
000000110000000000000000
000000111000000000000000
000000111000000000000000
000000111000000000000000
000000011100000000000000
000000011100000000000000
000000011100000000000000
000000001100111100000000
000000001111111110000000
000000001111111110000000
000000000111000111000000
000000000111000111000000
000000000111000011000000
000000000000000111000000
000000000001111111000000
000000000001111111000000
000000000000000000000000
start_draw_0:
000000000000000000000000
000000000111000000000000
000000001111111111111100
000000001111111111111100
000000011110000000000000
000000011100000000000000
000000011100000000000000
000000011000000000000000
000000111000000000000000
000000111000000000000000
000000111000000000000000
000000110000000000000000
000000110000000000000000
000000110000000000000000
000000110000000000000000
000000110000000000000000
000000111111100000000000
000000111111111100000000
000000111111111110000000
000000000000001110000000
000000000000000110000000
000000000000000110000000
000000000000000110000000
000000000000000110000000
000000000000000110000000
000000000000000110000000
000000000000000110000000
000000000000000110000000
000000000000000110000000
000000000000001110000000
000000000000011110000000
000000000001111100000000
000000000111111000000000
000000000111110000000000
000000000000000000000000
000000000000000000000000
start_draw_0:
000000000000000000000000
000000000000000000000000
000000000000000000000000
000000000000000000000000
000000000000000000000000
000000000000000000000000
000000000000000000000000
000000000000000000000000
000000000000000000000000
000000000000000000000000
000000000000000000000000
000000000000000000000000
000000000111000000000000
000001111111000000000000
001111111111000000000000
011111110000000000000000
111111000000000000000000
111100000000000000000000
001100000000000000000000
001100000000000000000000
001100000000000000000000
001111111111000000000000
001111111111110000000000
001110001111111100000000
000000000000111100000000
000000000000001100000000
000000000000001100000000
000000000000011100000000
000000000000111100000000
000000000001111000000000
000000000111110000000000
000000011111100000000000
000000111111000000000000
000000111100000000000000
000000000000000000000000
000000000000000000000000
start_draw_0:
000000000000000000000000
000000000000000000000000
000000000000000000000000
000111111111111110000000
000111111111111110000000
000111100000000000000000
000111000000000000000000
000111000000000000000000
000111000000000000000000
000111111111100000000000
000111111111110000000000
000011100011111100000000
000000000000111100000000
000000000000011110000000
000000000000001110000000
000000000001111110000000
000001111111111100000000
001111111111110000000000
001111111000000000000000
000000000000000000000000
000000000000000000000000
000000000000000000000000
000000000000000000000000
000000000000000000000000
000000000000000000000000
000000000000000000000000
000000000000000000000000
000000000000000000000000
000000000000000000000000
000000000000000000000000
000000000000000000000000
000000000000000000000000
000000000000000000000000
000000000000000000000000
000000000000000000000000
000000000000000000000000
start_draw_0:
000000000000000000000000
000000000000000000000000
000000000000000000000000
000000000000000000000000
000000000000000000000000
000000000000000000000000
000000000000000000000000
000000000000000000000000
000000000000000000000000
000000000000000000000000
000000000000000000000000
000000000000000000000000
000000000000000000000000
000000000000000000000000
000000000000000000000000
000000000000000000000000
000000000000000000000000
000000000000000000000000
000000000000000001110000
000000000000001111110000
000000000000111111110000
000000000011111100000000
000000000011110000000000
000000000011100000000000
000000000011100011100000
000000000011101111111000
000000000001111111111100
000000000001111110011100
000000000000000000001100
000000000000000000001110
000000000000000000001110
000000000000000000011110
000000000000000001111110
000000000000000111111100
000000000000000111100000
000000000000000000000000
start_draw_0:
000000000000000000000000
000000000000000000000000
000000000000000000000000
000000000000000000000000
000000000111100000000000
000000011111100000000000
000001111111000000000000
000001111000000000000000
000001110000000000000000
000000110000000000000000
000000110000000000000000
000000111000000000000000
000000111000000000000000
000000111000000000000000
000000011000000000000000
000000011000000111111110
000000011001111111111110
000000011111111111111110
000000011111100000000110
000000000000000001111110
000000000000000001111110
000000000000000011111110
000000000000111111111110
000000000111111111110000
000000000111111000000000
000000000000000000000000
000000000000000000000000
000000000000000000000000
000000000000000000000000
000000000000000000000000
000000000000000000000000
000000000000000000000000
000000000000000000000000
000000000000000000000000
000000000000000000000000
000000000000000000000000
start_draw_0:
000000000000000000000000
000000000000000000000000
000000000000000000000000
000000000000000000000000
000000000000011111100000
000000000001111111100000
000000000111111011100000
000000011111100000000000
000001111111000000000000
000111111100000000000000
000111110000000000000000
000110000000000000000000
000110000000000000000000
000110000000000000000000
000110000000000000000000
000110000000000000000000
000110000000000000000000
000111111110000000000000
000111111111110000000000
000111111111111000000000
000000000001111000000000
000000000000011000000000
000000000000011000000000
000000000000011000000000
000000000000111000000000
000000000000111000000000
000000000001111000000000
000000000011110000000000
000000000111100000000000
000000011111100000000000
000000011110000000000000
000000011000000000000000
000000000000000000000000
000000000000000000000000
000000000000000000000000
000000000000000000000000
start_draw_0:
000000000000000000000000
000000000000000000000000
000000000000000000000000
000000000000000000000000
000000000000000000000000
000000000000000000000000
000000000000000000000000
000000000000000000000000
000000000000000000000000
000000000000000000000000
000000000000000000000000
000000000000000000000000
000000000000000000000000
000000000000000000000000
000000000000000000000000
111111111111000000000000
111111111111000000000000
111111110000000000000000
111000000000000000000000
111000000000000000000000
011000000000000000000000
011000000000000000000000
011111111111000000000000
011111111111110000000000
011100000111110000000000
000000000001110000000000
000000000111110000000000
000001111111100000000000
000001111111000000000000
000001111000000000000000
000000000000000000000000
000000000000000000000000
000000000000000000000000
000000000000000000000000
000000000000000000000000
000000000000000000000000
start_draw_0:
000000000000000000000000
000000000000000000000000
000000000000000000000000
001111111111111111000000
001111111111111111000000
000111000000001111000000
000111000000000000000000
001110000000000000000000
001110000000000000000000
001110000000000000000000
001100000000000000000000
001100000000000000000000
001100000000000000000000
001100000000000000000000
001111111111111000000000
001111111111111100000000
000000000000011110000000
000000000000001110000000
000000000000001110000000
000000000000000110000000
000000000000000110000000
000000000000001110000000
000000000000001110000000
000000000000011100000000
000000000000111100000000
000000000000111100000000
000000000011111000000000
000111011111110000000000
000111111111000000000000
000111111100000000000000
000000000000000000000000
000000000000000000000000
000000000000000000000000
000000000000000000000000
000000000000000000000000
000000000000000000000000
start_draw_0:
000000000000000000000000
000000000000000000000000
000000000000000000000000
000000000000000000000000
000000000000000000000000
000000000000000000000000
000000000000000000000000
000000000000000000000000
000000000000000000000000
000000000000000000000000
000000000000000000000000
000000000000000000000000
000000000000000000000000
000000000000000000000000
000000000000000000000000
000000000000000000000000
000000000111111111000000
000000000111111111000000
000000000111000000000000
000000000110000000000000
000000001110000000000000
000000001110000000000000
000000001110000000000000
000000001100111000000000
000000001111111111100000
000000001111111111100000
000000000000000001100000
000000000000000001100000
000000000000000001100000
000000000000000001100000
000000000000000001100000
000000000000000011100000
000000000000000111100000
000000000000001111000000
000000000000011111000000
000000000000011100000000
start_draw_0:
000000000000000000000000
000000000000000000000000
000000000000000000000000
000000000000000000000000
000000000000000000000000
000000000000000000000000
000000000000000000000000
000000000000000000000000
000000000000000000000000
000000000000000000000000
000000000000000000000000
000000000000000000000000
000000000000000000000000
000000000000000000000000
000000000000000000000000
000000000000000000000000
001111111111000000000000
111111111111000000000000
111110000000000000000000
001100000000000000000000
001100000000000000000000
001100000000000000000000
001100000000000000000000
001100000000000000000000
001100000000000000000000
001111111110000000000000
001111111111110000000000
001111110111110000000000
000000000000110000000000
000000000001110000000000
000000000011110000000000
000000001111100000000000
000001111111000000000000
000001111110000000000000
000000000000000000000000
000000000000000000000000
start_draw_0:
000000000000000000000000
000000000000000000000000
000000000000000000000000
000000000011111111110000
000000000011111111110000
000000000011100000000000
000000000011100000000000
000000000011000000000000
000000000111000000000000
000000000111000000000000
000000000111000000000000
000000001110000000000000
000000001111000000000000
000000001111111000000000
000000000111111100000000
000000000000011110000000
000000000000001111000000
000000000000000111000000
000000000000000011000000
000000000000000011000000
000000000000000011100000
000000000000000011100000
000000000000000011100000
000000000000000011100000
000000000000000011100000
000000000000000011000000
000000000000000111000000
000000000000000111000000
000000000000001110000000
000000000000011110000000
000000000001111100000000
000000001111111000000000
000000001111110000000000
000000000000000000000000
000000000000000000000000
000000000000000000000000
start_draw_0:
000000000000000000000000
000000000000000000000000
000000000000000000000000
000011111110000000000000
000011111111110000000000
000001111111110000000000
000001110000000000000000
000001100000000000000000
000001100000000000000000
000001100000000000000000
000001100000000000000000
000001100000000000000000
000001100000000000000000
000001111110000000000000
000001111111000000000000
000000000111110000000000
000000000011110000000000
000000000001110000000000
000000000001110000000000
000000000001110000000000
000000000001110000000000
000000000001110000000000
000000000011100000000000
000000000111100000000000
000000000111000000000000
000000000111000000000000
000000000110000000000000
000000000000000000000000
000000000000000000000000
000000000000000000000000
000000000000000000000000
000000000000000000000000
000000000000000000000000
000000000000000000000000
000000000000000000000000
000000000000000000000000
start_draw_0:
000000000000000000000000
000000000000000000000000
000000000000000000000000
000000000000000000000000
000000000000000000000000
000000000000000000000000
000000000000001100000000
000000000111111100000000
000000001111111100000000
000000011111000000000000
000000011000000000000000
000000011000000000000000
000000011000000000000000
000000011000000000000000
000000011000000000000000
000000011100000000000000
000000011100000000000000
000000011100000000000000
000000001100000000000000
000000001111110000000000
000000001111111111000000
000000000001111111000000
000000000000000111000000
000000000000000011000000
000000000000000011000000
000000000000000111000000
000000000000000111000000
000000000000011111000000
000000001111111110000000
000000001111111100000000
000000000000000000000000
000000000000000000000000
000000000000000000000000
000000000000000000000000
000000000000000000000000
000000000000000000000000
start_draw_0:
000000000000000000000000
000000000111000000000000
000000111111000000000000
000111111111000000000000
000111110000000000000000
000111000000000000000000
000110000000000000000000
000110000000000000000000
000110000000000000000000
000111111111000000000000
000111111111000000000000
000111000111100000000000
000000000011100000000000
000000000011100000000000
000000000011100000000000
000000000001100000000000
000000000001100000000000
000000000011100000000000
000000000011100000000000
000000000111000000000000
000000001111000000000000
000000011111000000000000
000001111110000000000000
000111111100000000000000
001111110000000000000000
001111000000000000000000
000000000000000000000000
000000000000000000000000
000000000000000000000000
000000000000000000000000
000000000000000000000000
000000000000000000000000
000000000000000000000000
000000000000000000000000
000000000000000000000000
000000000000000000000000
start_draw_0:
000000000000000000000000
000000000000000000000000
000000000000000000000000
000000000000011111110000
000000000001111111110000
000000000001111110000000
000000000001100000000000
000000000001100000000000
000000000001100000000000
000000000011100000000000
000000000011100000000000
000000000011100000000000
000000000011000000000000
000000000011000000000000
000000000111000000000000
000000000111000000000000
000000000111000000000000
000000000110000000000000
000000000110000000000000
000000000110000000000000
000000000111111000000000
000000000111111000000000
000000000110011100000000
000000000000011100000000
000000000000011100000000
000000000000001110000000
000000000000001110000000
000000000000001110000000
000000000000000110000000
000000000000000111000000
000000000000000111000000
000000000000011111000000
000000000011111110000000
000000011111111100000000
000000011111000000000000
000000000000000000000000
start_draw_0:
000000000000000000000000
000000000000000000000000
001111111111111111111100
011111111111111111111110
011100000000000000111110
011100000000000000000000
011100000000000000000000
011100000000000000000000
011100000000000000000000
011100000000000000000000
011100000000000000000000
011100000000000000000000
011100000000000000000000
011100000000000000000000
011100000000000000000000
011100000000000000000000
011100000000000000000000
011100000000000000000000
011100000000000000000000
001100000000000000000000
001100000000000000000000
001100000011111111110000
001100001111111111111000
001110011111000000111000
001111111110000000011000
001111111000000000011000
000111110000000000011000
000111000000000000011000
000000000000000000011000
000000000000000000011000
000000000000000000111000
000000000000001111111000
000001111111111111110000
000001111111111110000000
000000000000000000000000
000000000000000000000000
start_draw_0:
000000000000000000000000
000000000000000000000000
000000000000000000000000
000000000000000000000000
000000000000000000000000
000000000000000001100000
000000000000001111100000
000000000011111111100000
000000111111111100000000
000001111111100000000000
000011111100000000000000
000011110000000000000000
000001110000000000000000
000001110000000000000000
000001110000000000000000
000000110000000000000000
000000110000000000000000
000000110000000000000000
000000110000000111110000
000000111111111111111100
000000111111111111111110
000000111110000000001110
000000000000000000000110
000000000000000000000110
000000000000000000000110
000000000000000000000110
000000000000000000001110
000000000000000000011110
000000000000000000111100
000000000000000011111100
000000001100011111111000
000000001111111111100000
000000001111111100000000
000000000000000000000000
000000000000000000000000
000000000000000000000000
start_draw_0:
000000000000000000000000
000000000000000000000000
000000000000000000000000
000001111111111100000000
000001111111111111100000
000000111100011111100000
000000111000000011100000
000000111000000000000000
000000110000000000000000
000001110000000000000000
000001110000000000000000
000001110000000000000000
000001100000000000000000
000011100000000000000000
000011111111100000000000
000011111111111100000000
000000000001111111000000
000000000000011111000000
000000000000000111100000
000000000000000011100000
000000000000000011100000
000000000000000011100000
000000000000000011100000
000000000000000111000000
000000000000000111000000
000000000000001110000000
000111111000111110000000
000111111111111100000000
000000111111111000000000
000000000000000000000000
000000000000000000000000
000000000000000000000000
000000000000000000000000
000000000000000000000000
000000000000000000000000
000000000000000000000000
start_draw_0:
000000000000000000000000
000000000000000000000000
000000000000000000000000
000000000000000000000000
000000000000011100000000
000000000011111100000000
000000111111111000000000
000111111111100000000000
011111111000000000000000
111111110000000000000000
111001110000000000000000
000001110000000000000000
000001100000000000000000
000001100000000000000000
000001100000000000000000
000001100011100000000000
000001111111111111000000
000001111111111111100000
000001111000000111100000
000000000000000001110000
000000000000000001110000
000000000000000001110000
000000000000000001100000
000000000000000001100000
000000000000000011100000
000000000000000111100000
000011111000011111000000
000011111111111111000000
000001111111111100000000
000000000000000000000000
000000000000000000000000
000000000000000000000000
000000000000000000000000
000000000000000000000000
000000000000000000000000
000000000000000000000000
start_draw_0:
000000000000000000000000
000000000000000000000000
000000000000000000000000
000000000000000000000000
000000000000111000000000
000000111111111000000000
000000111111110000000000
000000111100000000000000
000000011100000000000000
000000011100000000000000
000000011100000000000000
000000001100000000000000
000000001100000000000000
000000001100000000000000
000000001110000000000000
000000001110000000000000
000000001110000000000000
000000000110000000000000
000000000110000000000000
000000000110001110000000
000000000111111111100000
000000000111111111110000
000000000000000001110000
000000000000000000110000
000000000000000001110000
000000000000000011110000
000000000000000111100000
000000000000001111100000
000000111111111111000000
000000111111111100000000
000000000011100000000000
000000000000000000000000
000000000000000000000000
000000000000000000000000
000000000000000000000000
000000000000000000000000
start_draw_0:
000000000000000000000000
000000000000000000000000
000000000000000000000000
000000000000000000000000
000011111111111111100000
000111111111111111111110
000111100000001111111110
000111000000000000000000
000110000000000000000000
000110000000000000000000
000110000000000000000000
000110000000000000000000
000111111111000000000000
000111111111111100000000
000000000111111110000000
000000000000011111000000
000000000000000111100000
000000000000000011110000
000000000000000001110000
000000000000000001110000
000000000000000001110000
000000000000000011110000
000000000000000011100000
000000000000001111100000
000000000000111111000000
000000001111111110000000
000000001111110000000000
000000000000000000000000
000000000000000000000000
000000000000000000000000
000000000000000000000000
000000000000000000000000
000000000000000000000000
000000000000000000000000
000000000000000000000000
000000000000000000000000
start_draw_0:
000000000000000000000000
000000000000000000000000
000000000000000111111111
000000000000111111111111
000000000000111111100000
000000000000111000000000
000000000000111000000000
000000000000111111110000
000000000000111111111000
000000000000000000111100
000000000000000000011100
000000000000000001111000
000000000000000011111000
000000000000000111110000
000000000000011111100000
000000000001111110000000
000000000001111100000000
000000000000000000000000
000000000000000000000000
000000000000000000000000
000000000000000000000000
000000000000000000000000
000000000000000000000000
000000000000000000000000
000000000000000000000000
000000000000000000000000
000000000000000000000000
000000000000000000000000
000000000000000000000000
000000000000000000000000
000000000000000000000000
000000000000000000000000
000000000000000000000000
000000000000000000000000
000000000000000000000000
000000000000000000000000
start_draw_0:
000000000000000000000000
000000000000000000000000
000000000011000000000000
000011111111000000000000
000011111111000000000000
000001110000000000000000
000001100000000000000000
000001100000000000000000
000011100000000000000000
000011100000000000000000
000011101111000000000000
000011111111110000000000
000011111111111000000000
000000000000111000000000
000000000001111000000000
000000000011110000000000
000000000111110000000000
000011111111100000000000
000011111110000000000000
000011100000000000000000
000000000000000000000000
000000000000000000000000
000000000000000000000000
000000000000000000000000
000000000000000000000000
000000000000000000000000
000000000000000000000000
000000000000000000000000
000000000000000000000000
000000000000000000000000
000000000000000000000000
000000000000000000000000
000000000000000000000000
000000000000000000000000
000000000000000000000000
000000000000000000000000
start_draw_0:
000000000000000000000000
000000000000000000000000
000000000000000000000000
000000000000000000000000
000000000000000000000000
000000000000000000000000
000000000000000000000000
000000000000000000000000
000000000000000000000000
000000000000000000000000
000000000000000000000000
000000000000000000000000
000000000000000000000000
000000000000000000000000
000000000000000000000000
000000000000000000000000
000000000000000000000000
000000000000000011111000
000000000000111111111000
000000000111111111100000
000000000111111000000000
000000000111000000000000
000000000110000000000000
000000000110000000000000
000000000110000000000000
000000000111000000000000
000000000111111111110000
000000000111111111110000
000000000000000001110000
000000000000000011110000
000000000000001111100000
000000000000111111000000
000000000000111110000000
000000000000000000000000
000000000000000000000000
000000000000000000000000
start_draw_0:
000000000000000000000000
000000000000000000000000
000000000000000000000000
000000000000000000000000
000000000000000000000000
000000000000000000000000
000000000000000000000000
000000000000000000000000
000000000000000000000000
000000000000000000000000
000000000000000000000000
000000000000000000000000
000000000000000000000000
000000000000000000000000
000000000000000000000000
000000000000000000000000
000000000000000000000000
000000000000000000000000
000000001111111000000000
000000011111111000000000
000000111110000000000000
000001111000000000000000
000001110000000000000000
000001110000000000000000
000000110000000000000000
000000110000000000000000
000000111111000000000000
000000111111111000000000
000000011111111000000000
000000011100011000000000
000000000000011000000000
000000000001111000000000
000001111111111000000000
000001111111110000000000
000000000000000000000000
000000000000000000000000
start_draw_0:
000000000000000000000000
111110000000000000000000
111111110000000000000000
001111110000000000000000
001101110000000000000000
001100000000000000000000
001100000000000000000000
001100000000000000000000
001100000000000000000000
001110000000000000000000
001111111000000000000000
000111111100000000000000
000000111110000000000000
000000001111000000000000
000000000111000000000000
000000000111000000000000
000000000111000000000000
000000111111000000000000
000000111110000000000000
000000000000000000000000
000000000000000000000000
000000000000000000000000
000000000000000000000000
000000000000000000000000
000000000000000000000000
000000000000000000000000
000000000000000000000000
000000000000000000000000
000000000000000000000000
000000000000000000000000
000000000000000000000000
000000000000000000000000
000000000000000000000000
000000000000000000000000
000000000000000000000000
000000000000000000000000
start_draw_0:
000000000000000000000000
000000000000000000000000
000000000000000000000000
000000000000000000000000
000000000000000000000000
000000000000000000000000
000000000000000000000000
000000000000000000000000
000000000000000000000000
000000000000000000000000
000000000000000000000000
000000000000000000000000
000000000000000000000000
000000000000000000000000
000000000000000000000000
000000000000000000000000
000000000000000000000000
000000000001111000000000
000000000011111000000000
000000001111110000000000
000000111111000000000000
000011111100000000000000
000111110000000000000000
000111100000000000000000
000111100000000000000000
000001100000000000000000
000001100011111111000000
000001101111111111100000
000001111111100011110000
000001111100000001110000
000001110000000001110000
000000000000111111110000
000000000011111111110000
000000000011111100000000
000000000000000000000000
000000000000000000000000
start_draw_0:
000000000000000000000000
000000000000000000000000
000000000000000000000000
000000000000000000000000
000000000000000000000000
000000000000000000000000
000000000000000000000000
000000111111111111100000
000000111111111111110000
000000111110000111110000
000000110000000000000000
000000110000000000000000
000001110000000000000000
000001110000000000000000
000001110000000000000000
000001100000000000000000
000001100000000000000000
000001111111111111100000
000001111111111111110000
000000000000000011111000
000000000000000000111000
000000000000000000111000
000000000000000000111000
000000000000000000111000
000000000000000001111000
000000000000001111110000
000000000111111111100000
000111111111111110000000
000111111111000000000000
000000000000000000000000
000000000000000000000000
000000000000000000000000
000000000000000000000000
000000000000000000000000
000000000000000000000000
000000000000000000000000
start_draw_0:
000000000000000000000000
000001111100000000000000
000001111111100000000000
000000011111111000000000
000000111111111111110000
000000111000011111110000
000001110000000000000000
000011110000000000000000
000011100000000000000000
000111111111110000000000
000111111111111111000000
000111111111111111100000
000000000000000011100000
000000000000000111100000
000000000001111111100000
000000000011111110000000
000000000011110000000000
000000000000000000000000
000000000000000000000000
000000000000000000000000
000000000000000000000000
000000000000000000000000
000000000000000000000000
000000000000000000000000
000000000000000000000000
000000000000000000000000
000000000000000000000000
000000000000000000000000
000000000000000000000000
000000000000000000000000
000000000000000000000000
000000000000000000000000
000000000000000000000000
000000000000000000000000
000000000000000000000000
000000000000000000000000
start_draw_0:
000000000000000000000000
000000000000000000000000
000000000000000000000000
000000000000000000000000
000000000000000000000000
000000000000000000000000
000000000000000000000000
000000000000000000000000
000000000000000000000000
000000000000000000000000
000000000000000000000000
000000000000000000000000
000000000000000000000000
000000000000000000000000
000000000000000000000000
000000000000000000000000
000000000000000000000000
001100001111100000000000
001111111111100000000000
011111111110000000000000
011111100000000000000000
011110000000000000000000
001110000000000000000000
001110000000000000000000
000110011111111000000000
000111111111111100000000
000111111100111100000000
000111111000011100000000
000011100000111100000000
000000000011111000000000
000000001111110000000000
000000111111100000000000
000001111110000000000000
000001110000000000000000
000000000000000000000000
000000000000000000000000
start_draw_0:
000000000000000000000000
000000000000000000000000
000000000000000000000000
000000000000000000000000
000000000000000000000000
000000000000000000000000
000000000000000000000000
000000000000000000000000
000000000000000000000000
000000000000000000000000
000000000000000000000000
000000000000000000000000
000000000000000000000000
000000000000000000000000
000000000000000000000000
000000000000000000000000
000000000000001100000000
000000000001111100000000
000000001111111100000000
000000111111100000000000
000000111110000000000000
000000000000000000000000
000000110000000000000000
000000111000001110000000
000000111000111111110000
000000111011111111111000
000000011111110000111000
000000011111100000011100
000000001111000000111100
000000000000000011111100
000000000000111111111000
000000000000111111100000
000000000000111000000000
000000000000000000000000
000000000000000000000000
000000000000000000000000
start_draw_0:
000000000000000000000000
000000000000000000000000
000000000000000000000000
000000000000000000000000
000000000000000000000000
000000000000000000000000
000000000000000000000000
000000000000111111100000
000000000001111111100000
000000000001110011100000
000000000001110000000000
000000000011100000000000
000000000011100000000000
000000000011100000000000
000000000011100000000000
000000000011111100000000
000000000001111111000000
000000000000001111110000
000000000000000011110000
000000000000000001110000
000000000000000001110000
000000000000000111100000
000000000000111111100000
000000000000111111000000
000000000000000000000000
000000000000000000000000
000000000000000000000000
000000000000000000000000
000000000000000000000000
000000000000000000000000
000000000000000000000000
000000000000000000000000
000000000000000000000000
000000000000000000000000
000000000000000000000000
000000000000000000000000
start_draw_0:
000000000000000000000000
000000000000000000000000
001100000000000000000000
111100000000000000000000
111111111111111000000000
111111111111111000000000
001100000000000000000000
001100000000000000000000
001100000000000000000000
001111111111111000000000
001111111111111110000000
001110000000111110000000
000000000000001110000000
000000000000011110000000
000000000001111100000000
000000000111111000000000
000001111111110000000000
000001111110000000000000
000001110000000000000000
000000000000000000000000
000000000000000000000000
000000000000000000000000
000000000000000000000000
000000000000000000000000
000000000000000000000000
000000000000000000000000
000000000000000000000000
000000000000000000000000
000000000000000000000000
000000000000000000000000
000000000000000000000000
000000000000000000000000
000000000000000000000000
000000000000000000000000
000000000000000000000000
000000000000000000000000
start_draw_0:
000000000000000000000000
000000000000000000000000
000000000000000000000000
000000000000000111111110
000000000000000111111110
000000000000000011000000
000000000000000111000000
000000000000000111000000
000000000000000111000000
000000000000000111000000
000000000000000111000000
000000000000000111111100
000000000000000011111110
000000000000000000011111
000000000000000000000111
000000000000000000000011
000000000000000000001111
000000000000000000011111
000000000000000001111110
000000000000000011111000
000000000000001111110000
000000000000111111000000
000000000000111110000000
000000000000000000000000
000000000000000000000000
000000000000000000000000
000000000000000000000000
000000000000000000000000
000000000000000000000000
000000000000000000000000
000000000000000000000000
000000000000000000000000
000000000000000000000000
000000000000000000000000
000000000000000000000000
000000000000000000000000
start_draw_0:
000000000000000000000000
000000000000000000000000
000000000000000000000000
000000000000000000000000
000000000000000000000000
000000000000000000000000
000000000000000000000000
000000000000000000000000
000000000000000000000000
000000000000000000000000
000000000000000000000000
000000000000000000000000
000000001100000000000000
000000011100000000000000
000000111100000000000000
000001111000000000000000
000011110000000000000000
000011100000000000000000
000111000000000000000000
000111000000000000000000
000111000000000000000000
000111011111000000000000
000111111111110000000000
000011111111110000000000
000000000000110000000000
000000000000110000000000
000000000001110000000000
000000111111110000000000
000000111111100000000000
000000111000000000000000
000000000000000000000000
000000000000000000000000
000000000000000000000000
000000000000000000000000
000000000000000000000000
000000000000000000000000
start_draw_0:
000000000000000000000000
000000000000000000000000
000000000000000000000000
000000000000000000000000
000000001111111100000000
000000001111111100000000
000000011100000000000000
000000111100000000000000
000000111000000000000000
000000111000000000000000
000000110000000000000000
000000111000000000000000
000000111110000000000000
000000111111110000000000
000000000111111000000000
000000000001111000000000
000000000000011000000000
000000000000111000000000
000000000000111000000000
000000000011111000000000
000000111111110000000000
000000111111000000000000
000000000000000000000000
000000000000000000000000
000000000000000000000000
000000000000000000000000
000000000000000000000000
000000000000000000000000
000000000000000000000000
000000000000000000000000
000000000000000000000000
000000000000000000000000
000000000000000000000000
000000000000000000000000
000000000000000000000000
000000000000000000000000
start_draw_0:
000000000000000000000000
000000000000000000000000
000000000000000000000000
000000000000000000000000
000000000000000000000000
000000000000000000000000
000000000000000000000000
000000000000000000000000
000000000000000000000000
000000000000000000000000
000000000000000000000000
000000000000000000000000
000000000000000000000000
000111111111111100000000
001111111111111100000000
001111100000000000000000
000011000000000000000000
000011000000000000000000
000011000000000000000000
000011000000000000000000
000011111111100000000000
000011111111100000000000
000011000001100000000000
000000000001100000000000
000000000001100000000000
000000000011100000000000
000000000111100000000000
011111111111100000000000
011111111111000000000000
000000000000000000000000
000000000000000000000000
000000000000000000000000
000000000000000000000000
000000000000000000000000
000000000000000000000000
000000000000000000000000
start_draw_0:
000000000000000000000000
000000000000000000000000
000000000000000000000000
000000000000000000000000
000000000000000000000000
000000000000000000000000
000000000000000000000000
000000000000000000000000
000000000000000000000000
000000000000000000000000
000000000000000000000000
000000000000000000000000
000000000000000000000000
000000000000000000000000
000000000000000000000000
000000011111100000000000
000000111111100000000000
000000111100000000000000
000000111000000000000000
000000110000000000000000
000001110000000000000000
000001110000000000000000
000011100000000000000000
000011100000000000000000
000111111100000000000000
000111111111100000000000
000000111111111000000000
000000000011111100000000
000000000000111100000000
000001111111111100000000
000001111111111000000000
000001111111000000000000
000000000000000000000000
000000000000000000000000
000000000000000000000000
000000000000000000000000
start_draw_0:
000000000000000000000000
000000000000000000000000
111100000000000000000000
111111111000000000000000
011111111000000000000000
011111000000000000000000
111000000000000000000000
111000000000000000000000
110000000000000000000000
111000000000000000000000
111111111111100000000000
111111111111100000000000
000000000011100000000000
000000000011100000000000
001110000111100000000000
001111111111000000000000
001111111111000000000000
000011111100000000000000
000000000000000000000000
000000000000000000000000
000000000000000000000000
000000000000000000000000
000000000000000000000000
000000000000000000000000
000000000000000000000000
000000000000000000000000
000000000000000000000000
000000000000000000000000
000000000000000000000000
000000000000000000000000
000000000000000000000000
000000000000000000000000
000000000000000000000000
000000000000000000000000
000000000000000000000000
000000000000000000000000
start_draw_0:
000000000000000000000000
000000000000000000000000
000000000000000000000000
000000000000000000000000
000000000000000000000000
000000000000000000000000
000000000000000000000000
000000000000000000000000
000000000000000000000000
000000000000001111000000
000000000000001111110000
000000000000001111110000
000000000000001100000000
000000000000001100000000
000000000000001100000000
000000000000001100000000
000000000000001100000000
000000000000001100000000
000000000000001100000000
000000000000011100000000
000000000000011100000000
000000000000011000000000
000000000000011000000000
000000000000011111100000
000000000000011111110000
000000000000000001110000
000000000000000001110000
000000000000000001110000
000000000000000011110000
000000000000011111100000
000000000001111111000000
000000000001111100000000
000000000000000000000000
000000000000000000000000
000000000000000000000000
000000000000000000000000
start_draw_0:
000000000000000000000000
000000000000000000000000
000000111000000000000000
000000111111111111111110
000000111111111111111110
000000110000000000000000
000000110000000000000000
000000110000000000000000
000000110000000000000000
000000110000000000000000
000000110000000000000000
000000110000000000000000
000000110000000000000000
000000111111111111110000
000000111111111111111000
000000111110000001111000
000000000000000000011000
000000000000000000011000
000000000000000000011000
000000000000000000011000
000000000000000000111000
000000000000000000111000
000000000000000001111000
000000000000000001110000
000000000000000011110000
000000000000111111100000
000000000001111111000000
000000000001111110000000
000000000000000000000000
000000000000000000000000
000000000000000000000000
000000000000000000000000
000000000000000000000000
000000000000000000000000
000000000000000000000000
000000000000000000000000
start_draw_0:
000000000000000000000000
000000000000000000000000
000000000000000000000000
000000000000000000000000
000000000000000000000000
000000000000000000000000
000000000000000000000000
000000000000000000000000
000000000000000000000000
000000000000000000000000
000000000000000000000000
000000000011100000000000
000000001111100000000000
000000111111000000000000
000001111100000000000000
000001111000000000000000
000001110000000000000000
000001110000000000000000
000001110000000000000000
000001110000000000000000
000001111111000000000000
000000111111110000000000
000000000111111000000000
000000000001111100000000
000000000000011100000000
000000000000111100000000
000000001111111100000000
000000011111111000000000
000000011110000000000000
000000000000000000000000
000000000000000000000000
000000000000000000000000
000000000000000000000000
000000000000000000000000
000000000000000000000000
000000000000000000000000
start_draw_0:
000000000000000000000000
000000011100000000000000
000000011111100000000000
000000111111111110000000
000000111011111111000000
000000110000001111000000
000000110000000000000000
000000110000000000000000
000000110000000000000000
000000110000000000000000
000000110000000000000000
000000111000000000000000
000000111000000000000000
000000111000000000000000
000000011000000000000000
000000011111000000000000
000000011111111000000000
000000011111111110000000
000000000000011111100000
000000000000000111100000
000000000000000011100000
000000000000000001110000
000000000000000001110000
000000000000000001110000
000001110000000001110000
000001111110000011100000
000000111111111111100000
000000001111111111000000
000000000000011111000000
000000000000000000000000
000000000000000000000000
000000000000000000000000
000000000000000000000000
000000000000000000000000
000000000000000000000000
000000000000000000000000
start_draw_0:
000000000000000000000000
000000000000000000000000
000001111110000000000000
000001111111111111110000
000001101111111111110000
000001100000000011110000
000001100000000000000000
000001100000000000000000
000001100000000000000000
000001100000000000000000
000001100000000000000000
000001100000000000000000
000001100000000000000000
000001100000000000000000
000001100000000000000000
000001100000000000000000
000001100000000000000000
000001111111111110000000
000001111111111111000000
000001111100001111100000
000000111000000011100000
000000000000000001100000
000000000000000001110000
000000000000000001110000
000000000000000000110000
000000000000000000110000
000000000000000000110000
000000000000000000110000
000000001100000000110000
000000001111000000110000
000000001111100001110000
000000000111111111110000
000000000001111111100000
000000000000011111000000
000000000000000000000000
000000000000000000000000
start_draw_0:
000000000000000000000000
000000000000000000000000
000000000000000000000000
000000000000000000000000
000000000000000000000000
000111111111111111000000
000111111111111111000000
001111000000000000000000
001110000000000000000000
001100000000000000000000
001100000000000000000000
001100000000000000000000
001100000000000000000000
001100000000000000000000
001101111111000000000000
001111111111110000000000
001111100011110000000000
001111000001111000000000
000000000000111000000000
000000000000011100000000
000000000000011100000000
000000000000001100000000
000000000000001110000000
000000000000001110000000
000000000000011110000000
000000000001111110000000
000111111111111000000000
000111111111110000000000
000000000000000000000000
000000000000000000000000
000000000000000000000000
000000000000000000000000
000000000000000000000000
000000000000000000000000
000000000000000000000000
000000000000000000000000
start_draw_0:
000000000000000000000000
000000001111111111110000
000011111111111111110000
000011111110000000000000
000011100000000000000000
000001100000000000000000
000001100000000000000000
000001100000000000000000
000001100000000000000000
000001100000000000000000
000001100000000000000000
000001100000000000000000
000001110000000000000000
000001110000000000000000
000001110000000000000000
000000110000000000000000
000000111000000000000000
000000111000000000000000
000000111000000000000000
000000011000000000000000
000000011000000000000000
000000011011111000000000
000000011111111110000000
000000011111111111100000
000000011110000111100000
000000001100000001110000
000000001100000001110000
000000000000000001110000
000000000000000000110000
000000000000000000110000
000000000000000000110000
000000000000000001110000
000000000111111111110000
000000000111111111110000
000000000001111100000000
000000000000000000000000
start_draw_0:
000000000000000000000000
000000000000000000000000
000000000000000000000000
000000000000000000000000
000000000000000000000000
000000000000000000000000
000000000000000000000000
000000000000000000000000
000000000000000000000000
000000000000110000000000
000111111111110000000000
000111111111110000000000
000110000000000000000000
000110000000000000000000
000111000000000000000000
000111000000000000000000
000111000000000000000000
000011100000000000000000
000011110000000000000000
000001110000000000000000
000001111000000000000000
000000111111111100000000
000000111111111110000000
000000000000011110000000
000000000000001110000000
000000000000111110000000
000000001111111110000000
000000001111111000000000
000000000000000000000000
000000000000000000000000
000000000000000000000000
000000000000000000000000
000000000000000000000000
000000000000000000000000
000000000000000000000000
000000000000000000000000
start_draw_0:
000000000000000000000000
000000000000000000000000
000000000000000000000000
001111111111100000000000
001111111111100000000000
000110000000000000000000
000110000000000000000000
000111000000000000000000
000111000000000000000000
000011100111000000000000
000011111111110000000000
000011111111111000000000
000001111000111000000000
000001110000011000000000
000000110000011000000000
000000000000011000000000
000000000000111000000000
000000000001111000000000
000001111111110000000000
000001111111100000000000
000000000000000000000000
000000000000000000000000
000000000000000000000000
000000000000000000000000
000000000000000000000000
000000000000000000000000
000000000000000000000000
000000000000000000000000
000000000000000000000000
000000000000000000000000
000000000000000000000000
000000000000000000000000
000000000000000000000000
000000000000000000000000
000000000000000000000000
000000000000000000000000
start_draw_0:
000000000000000000000000
000000000000000000000000
000000000000000000000000
000000000000000000000000
000000000000000000000000
000000000000000000000000
000000000000000000000000
000000000000000000000000
000000000000000000000000
000000000000000000000000
000000000000000000000000
000000000000000000000000
000000000000000000000000
000000000000000000000000
000000000000000000000000
000000000000000000000000
000000000111110000000000
000000111111111111100000
000000111111111111100000
000000110000000011100000
000000111000000000000000
000000111000000000000000
000000111000000000000000
000000011100000000000000
000000011100000000000000
000000011111111111100000
000000001111111111110000
000000001111110111111100
000000000000000000111100
000000000000000000011110
000000000000000000001110
000000000000000000000110
000000000001111100011110
000000000001111111111110
000000000000011111111100
000000000000000000000000
start_draw_0:
000000000000000000000000
000000000000000000000000
000000000000000000000000
000000000000000000000000
000000000000000000000000
000000000000000000000000
000000000000000000000000
000000000000000000000000
000000000000000000000000
000000000000000000000000
000000000000000000000000
000000000000000000000000
000000000000000000000000
000000000111100000000000
000000111111100000000000
001111111110000000000000
001111111000000000000000
001110110000000000000000
001111000000000000000000
000111000000000000000000
000111000111000000000000
000011111111110000000000
000011111111111000000000
000001100000111100000000
000000000000011100000000
000000000000011100000000
000000000000011100000000
000000000000111100000000
000000011111111000000000
000000011111110000000000
000000011100000000000000
000000000000000000000000
000000000000000000000000
000000000000000000000000
000000000000000000000000
000000000000000000000000
start_draw_0:
000000000000000000000000
000000000000000000000000
000000000000000000000000
000000000000000000000000
000000001111000000000000
000000011111111100000000
000000011111111100000000
000000011000011100000000
000000011000000000000000
000000111000000000000000
000000111000000000000000
000000111000000000000000
000000111111111000000000
000000111111111110000000
000000000000011110000000
000000000000001110000000
000000000000000110000000
000000000000001110000000
000000000000001110000000
000000000000011110000000
000000000111111100000000
000000000111111000000000
000000000000000000000000
000000000000000000000000
000000000000000000000000
000000000000000000000000
000000000000000000000000
000000000000000000000000
000000000000000000000000
000000000000000000000000
000000000000000000000000
000000000000000000000000
000000000000000000000000
000000000000000000000000
000000000000000000000000
000000000000000000000000
start_draw_0:
000000000000000000000000
000000000000011000000000
000000001111111000000000
000001111111111000000000
000111111110000000000000
000111110000000000000000
000110000000000000000000
000111000000000000000000
000111000000000000000000
000111000000000000000000
000111000000111000000000
000011111111111110000000
000011111111111111000000
000011111000000111100000
000000000000000011100000
000000000000000001100000
000000000000000001100000
000000000000000001100000
000000000000000011100000
000000000000000111100000
000000011111111111000000
000000011111111110000000
000000000111110000000000
000000000000000000000000
000000000000000000000000
000000000000000000000000
000000000000000000000000
000000000000000000000000
000000000000000000000000
000000000000000000000000
000000000000000000000000
000000000000000000000000
000000000000000000000000
000000000000000000000000
000000000000000000000000
000000000000000000000000
start_draw_0:
000000000000000000000000
000000000000000000000000
000000000000000000000000
000000000000000000000000
000000000000000000000000
000000000000000000000000
000000000000000000000000
000000000000000000000000
000000000000000000000000
000000000000000000000000
000000000000000000000000
000000000000000000000000
000000000000000000000000
000000000000000000000000
000000000000000000000000
000000000000000000000000
000000000011111100000000
000001111111111100000000
000011111111100000000000
000011110000000000000000
000011100000000000000000
000011111110000000000000
000011111111110000000000
000000001111111000000000
000000000000111000000000
000000000000011000000000
000000000001111000000000
000001111111111000000000
000001111111110000000000
000000000000000000000000
000000000000000000000000
000000000000000000000000
000000000000000000000000
000000000000000000000000
000000000000000000000000
000000000000000000000000
start_draw_0:
000000000000000000000000
000000000000000000000000
000111111111000000000000
000111111111000000000000
000111000000000000000000
001110000000000000000000
001110000000000000000000
001100000000000000000000
011100000000000000000000
011100000000000000000000
011100000000000000000000
011000000000000000000000
011000000000000000000000
011000000000000000000000
011000000000000000000000
011100000000000000000000
011100000000000000000000
011101111111110000000000
001111111111110000000000
001111100000111000000000
001111000000111000000000
001111000000111000000000
000000000000111000000000
000000000000111000000000
000000000000111000000000
000000000001111000000000
000000111111110000000000
000000111111100000000000
000000000111000000000000
000000000000000000000000
000000000000000000000000
000000000000000000000000
000000000000000000000000
000000000000000000000000
000000000000000000000000
000000000000000000000000
start_draw_0:
000000000000000000000000
000000000000000000000000
000000000000000000000000
000000000000000000000000
000000001111111100000000
000001111111111100000000
000001111111111100000000
000001111100000000000000
000000011100000000000000
000000011000000000000000
000000011000000000000000
000000011000000000000000
000000011000000000000000
000000011000000000000000
000000011000000000000000
000000011000000000000000
000000011111111110000000
000000011111111111100000
000000011111001111110000
000000000000000001110000
000000000000000000110000
000000000000000000111000
000000000000000000111000
000000000000000000111000
000000000000000001111000
000000000000000001110000
000111000000000111110000
000111110000001111100000
000111111111111111000000
000001111111111100000000
000000000000000000000000
000000000000000000000000
000000000000000000000000
000000000000000000000000
000000000000000000000000
000000000000000000000000
start_draw_0:
000000000000000000000000
000000000000000000000000
000000000000000000000000
000000000000000000000000
000000000000000000000000
000000000000000000000000
000000000000000000000000
111000111000000000000000
111111111000000000000000
011111111000000000000000
011111100000000000000000
011110000000000000000000
001110000000000000000000
000111000000000000000000
000011111100000000000000
000011111111100000000000
000000011111111000000000
000000000011111100000000
000000000000011100000000
000000000000011100000000
001110000000011100000000
001111100000111100000000
000111111001111000000000
000001111111111000000000
000000111111100000000000
000000000000000000000000
000000000000000000000000
000000000000000000000000
000000000000000000000000
000000000000000000000000
000000000000000000000000
000000000000000000000000
000000000000000000000000
000000000000000000000000
000000000000000000000000
000000000000000000000000
start_draw_0:
000000000000000000000000
000000000000000000000000
000000000000000000000000
000000000001110000000000
000000000001111111111000
000000000001111111111110
000000000000111000111110
000000000001110000000000
000000000001110000000000
000000000011110000000000
000000000011100000000000
000000000011100000000000
000000000011111000000000
000000000011111110000000
000000000000111111110000
000000000000000111111110
000000000000000001111111
000000000000000000001111
000000000000000000000011
000000000000000000000011
000000000000000000000011
000000000000000000111111
000000000000011111111111
000000000000011111111100
000000000000000000000000
000000000000000000000000
000000000000000000000000
000000000000000000000000
000000000000000000000000
000000000000000000000000
000000000000000000000000
000000000000000000000000
000000000000000000000000
000000000000000000000000
000000000000000000000000
000000000000000000000000
start_draw_0:
000000000000000000000000
000000000000000000000000
000000000000000000000000
000000000000000000000000
000000000000000000000000
000000000000000000000000
000000000000000000000000
000000000000000000000000
000000000000000000000000
000000000000011110000000
000001111111111110000000
000111111111111110000000
000111110000000000000000
000111100000000000000000
000111100000000000000000
000001100000000000000000
000011100000000000000000
000011111111000000000000
000011111111110000000000
000011100111111100000000
000000000000111110000000
000000000000001111000000
000000000000000111000000
000000000000000111000000
000000000000011111000000
000000111111111111000000
000000111111111100000000
000000000000000000000000
000000000000000000000000
000000000000000000000000
000000000000000000000000
000000000000000000000000
000000000000000000000000
000000000000000000000000
000000000000000000000000
000000000000000000000000
start_draw_0:
000000000000000000000000
000000000000000000000000
000000000000000000000000
000000000000000000000000
000000111111110000000000
000000111111111111100000
000000110001111111100000
000000110000000000000000
000000110000000000000000
000001110000000000000000
000001110000000000000000
000001110000000000000000
000001111100000000000000
000001111111111100000000
000001111111111111100000
000000000000001111110000
000000000000000011111000
000000000000000000111000
000000000000000000111000
000000000000000000111000
000000000000000001110000
000000000000000001110000
000000000000000011110000
000000000000000111100000
000000000000111111000000
000000000011111110000000
000000000011111000000000
000000000000000000000000
000000000000000000000000
000000000000000000000000
000000000000000000000000
000000000000000000000000
000000000000000000000000
000000000000000000000000
000000000000000000000000
000000000000000000000000
start_draw_0:
000000000000000000000000
000000000000000000000000
000000000000000000000000
000000000000000000000000
000000000000000000000000
000000000000000000000000
000000000000000000000000
000000000000000000000000
000000000000000000000000
000000000000000000000000
000000001100000000000000
000000011100000000000000
000000111100000000000000
000001111000000000000000
000111110000000000000000
000111100000000000000000
000111100000000000000000
000111111111100000000000
000111111111111000000000
000011100011111110000000
000000000000011110000000
000000000000001110000000
000000000000111110000000
000001111111111110000000
000001111111111000000000
000000011110000000000000
000000000000000000000000
000000000000000000000000
000000000000000000000000
000000000000000000000000
000000000000000000000000
000000000000000000000000
000000000000000000000000
000000000000000000000000
000000000000000000000000
000000000000000000000000
start_draw_0:
000000000000000000000000
000000000000000000000000
000000000000000000000000
000000000000000000000000
000000000000000000000000
000000000000000000000000
000000000000000000000000
000000000000000000000000
000000000000000000000000
000000000000000000000000
000000000000000000000000
000000000000000000000000
000000111111100000000000
000000111111100000000000
000000111100000000000000
000001111000000000000000
000001110000000000000000
000011100000000000000000
000011100000000000000000
000111100110000000000000
000111111111110000000000
000111111111110000000000
000000000001110000000000
001111111111110000000000
001111111111100000000000
001100000000000000000000
000000000000000000000000
000000000000000000000000
000000000000000000000000
000000000000000000000000
000000000000000000000000
000000000000000000000000
000000000000000000000000
000000000000000000000000
000000000000000000000000
000000000000000000000000
start_draw_0:
000000000000000000000000
000000000000000000000000
000000000000000000000000
000000000001110000000000
000000001111110000000000
000000111111100000000000
000001111110000000000000
000001111000000000000000
000000110000000000000000
000000110000000000000000
000001110000000000000000
000001110000000000000000
000001110000000000000000
000001110000000000000000
000001100000000000000000
000001100111110000000000
000001111111111111000000
000001111111111111100000
000001110000000011110000
000000000000000001110000
000000000000000001110000
000000000000000001110000
000000000000000011110000
000000000111111111100000
000000000111111111000000
000000000000000000000000
000000000000000000000000
000000000000000000000000
000000000000000000000000
000000000000000000000000
000000000000000000000000
000000000000000000000000
000000000000000000000000
000000000000000000000000
000000000000000000000000
000000000000000000000000
start_draw_0:
000000000000000000000000
000000000000000000000000
000000000000000000000000
000000000000000000000000
000000000000000000000000
000000000000000000000000
000000000000000000000000
000000000000000000000000
000000001111111000000000
000000001111111000000000
000000000110000000000000
000000001110000000000000
000000001110000000000000
000000001110000000000000
000000011100000000000000
000000011111100000000000
000000011111111100000000
000000000001111111000000
000000000000001111000000
000000000000001111000000
000001110001111110000000
000001111111111110000000
000001111111100000000000
000000000000000000000000
000000000000000000000000
000000000000000000000000
000000000000000000000000
000000000000000000000000
000000000000000000000000
000000000000000000000000
000000000000000000000000
000000000000000000000000
000000000000000000000000
000000000000000000000000
000000000000000000000000
000000000000000000000000
start_draw_0:
000000000000000000000000
000000000000000000000000
000000000000000000000000
000000000000000000000000
000000000001111100000000
000111111111111100000000
000111111111110000000000
000111000000000000000000
000011000000000000000000
000011000000000000000000
000011000000000000000000
000011111111100000000000
000011111111100000000000
000000000111100000000000
000000001111100000000000
000000011110000000000000
000000011100000000000000
000000000000000000000000
000000000000000000000000
000000000000000000000000
000000000000000000000000
000000000000000000000000
000000000000000000000000
000000000000000000000000
000000000000000000000000
000000000000000000000000
000000000000000000000000
000000000000000000000000
000000000000000000000000
000000000000000000000000
000000000000000000000000
000000000000000000000000
000000000000000000000000
000000000000000000000000
000000000000000000000000
000000000000000000000000
start_draw_0:
000000000000000000000000
000000000000000000000000
000000000000000000000000
000000000000000000000000
000000000000000000000000
000000000000000000000000
000000000000000000000000
000000000000000000000000
000000000000000000000000
000000000000000000000000
000000000000000000000000
000000000000000000000000
000000000000000000000000
000000000000000000000000
000000000000000000000000
000000000000000000000000
000000000000000000000000
000000000000000000000000
000000000000001111000000
000000000001111111000000
000000000011111100000000
000000000111111000000000
000000000111100000000000
000000000001100000000000
000000000001100000000000
000000000001100000000000
000000000001111111110000
000000000001111111111000
000000000001110001111100
000000000000000000011100
000000011100000000011100
000000011111111111111110
000000011111111111111110
000000000000000000000000
000000000000000000000000
000000000000000000000000