start_draw_0:
000000000000000000000000
000000000000000000000000
000000000000000000000000
000000000000000000000000
000000000011100000000000
000000001111111100000000
000001111111111110000000
000011111100011111000000
000111110000000111000000
001111000000000111100000
011110000000000011100000
011100000000000011100000
011100000000000001100000
011000000000000001100000
011000000000000001100000
011000000000000001100000
011000000000000001100000
011000000000000001100000
011100000000000001100000
011100000000000001100000
001110000000000001100000
001110000000000001100000
000111000000000001100000
000111100000000001100000
000011110000000001100000
000001111000000011100000
000000111100000011100000
000000011111111111000000
000000001111111111000000
000000000001111100000000
000000000000000000000000
000000000000000000000000
000000000000000000000000
000000000000000000000000
000000000000000000000000
000000000000000000000000
start_draw_0:
000000000000000000000000
000000000000000000000000
000000000000000000000000
000000000000000000000000
000000000000000000000000
000000000011111111000000
000000000111111111100000
000000001111000111100000
000000001110000001110000
000000001110000001110000
000000011100000000110000
000000011100000000111000
000000011100000000111000
000000011100000000111000
000000011000000000111000
000000011000000000111000
000000011000000000111000
000000011100000000111000
000000011100000000110000
000000001110000000110000
000000001110000001110000
000000001111000001110000
000000000111100011100000
000000000011111111100000
000000000011111111000000
000000000000111110000000
000000000000000000000000
000000000000000000000000
000000000000000000000000
000000000000000000000000
000000000000000000000000
000000000000000000000000
000000000000000000000000
000000000000000000000000
000000000000000000000000
000000000000000000000000
start_draw_0:
000000000000000000000000
000000000000000000000000
000000000000000000000000
000000000001111000000000
000000000001111100000000
000000000011111110000000
000000000111101111000000
000000001111000111100000
000000011110000011110000
000000011100000001110000
000000111100000001111000
000000111000000000111000
000000111000000000011100
000000110000000000011100
000000110000000000011100
000000110000000000001100
000000110000000000001110
000000110000000000001110
000000110000000000001110
000000111000000000001110
000000111000000000001100
000000111100000000001100
000000011110000000001100
000000001111000000011100
000000000111110000111100
000000000011111111111000
000000000001111111111000
000000000000000111100000
000000000000000000000000
000000000000000000000000
000000000000000000000000
000000000000000000000000
000000000000000000000000
000000000000000000000000
000000000000000000000000
000000000000000000000000
start_draw_0:
000000000000000000000000
000000000000000000000000
000000000000000000000000
000000000000000000000000
000000000000000000000000
000000000000011100000000
000000000000011111000000
000000000001111111000000
000000000111111111000000
000000000111110111100000
000000001111000011100000
000000001110000001110000
000000001100000001110000
000000011100000000111000
000000011100000000111000
000000011100000000011100
000000011100000000011100
000000001110000000011100
000000001111000000001100
000000000111000000001100
000000000111100000001100
000000000011111000001100
000000000001111100001100
000000000000111111011100
000000000000001111111100
000000000000000011111100
000000000000000000000000
000000000000000000000000
000000000000000000000000
000000000000000000000000
000000000000000000000000
000000000000000000000000
000000000000000000000000
000000000000000000000000
000000000000000000000000
000000000000000000000000
start_draw_0:
000000000000000000000000
000000000000000000000000
000000000111100000000000
000000001111111000000000
000000001111111100000000
000000011110111100000000
000000111100011110000000
000001111000001110000000
000011110000000111000000
000011100000000111000000
000011100000000011000000
000111000000000011000000
000111000000000011000000
000110000000000011000000
000110000000000011000000
000110000000000011000000
000111000000000011000000
000111000000000111000000
000111000000000111000000
000011100000000111000000
000011110000001110000000
000001111000001110000000
000000111111011110000000
000000011111111100000000
000000000111111000000000
000000000000000000000000
000000000000000000000000
000000000000000000000000
000000000000000000000000
000000000000000000000000
000000000000000000000000
000000000000000000000000
000000000000000000000000
000000000000000000000000
000000000000000000000000
000000000000000000000000
start_draw_0:
000000000000000000000000
000000000000000000000000
000000000000000000000000
000000000000000000000000
000000011100000000000000
000000011110000000000000
000000011111100000000000
000000111111100000000000
000001111111100000000000
000011111011100000000000
000111100011100000000000
000111000011100000000000
001110000001100000000000
001110000001110000000000
001100000001110000000000
001100000001110000000000
001100000001110000000000
001100000001110000000000
001100000001110000000000
001100000001110000000000
001110000001100000000000
001110000011100000000000
001111000111100000000000
000111001111000000000000
000111111110000000000000
000011111100000000000000
000000000000000000000000
000000000000000000000000
000000000000000000000000
000000000000000000000000
000000000000000000000000
000000000000000000000000
000000000000000000000000
000000000000000000000000
000000000000000000000000
000000000000000000000000
start_draw_0:
000000000000000000000000
000000000000000000000000
000000000000000000000000
000000000000000000000000
000000000000000000000000
000000000000000000000000
000000000000000000000000
000000000000000000000000
000000000000000000000000
000000000000000000000000
000000000000000000000000
000000000000111111100000
000000000001111111100000
000000000011110011000000
000000000111100011100000
000000000111000011100000
000000000111000001100000
000000000110000001100000
000000000110000001100000
000000000110000011100000
000000000110000011100000
000000001110000011100000
000000001110000011000000
000000001110000011000000
000000000110000011000000
000000000111000111000000
000000000111100111000000
000000000011100111000000
000000000011111110000000
000000000001111110000000
000000000000000000000000
000000000000000000000000
000000000000000000000000
000000000000000000000000
000000000000000000000000
000000000000000000000000
start_draw_0:
000000000000000000000000
000011111000000000000000
000111111100000000000000
001111111110000000000000
001110001111000000000000
001110000111000000000000
011100000111000000000000
011100000011100000000000
011000000011100000000000
111000000011100000000000
111000000001100000000000
110000000001100000000000
110000000001100000000000
110000000001100000000000
110000000001100000000000
111000000001100000000000
111100000111100000000000
011111111111100000000000
001111111111000000000000
000000011100000000000000
000000000000000000000000
000000000000000000000000
000000000000000000000000
000000000000000000000000
000000000000000000000000
000000000000000000000000
000000000000000000000000
000000000000000000000000
000000000000000000000000
000000000000000000000000
000000000000000000000000
000000000000000000000000
000000000000000000000000
000000000000000000000000
000000000000000000000000
000000000000000000000000
start_draw_0:
000000000000000000000000
000000000000000000000000
000000000000000000000000
000000000000000000000000
000000000000000000000000
000000000011110000000000
000000001111111000000000
000000011111111100000000
000000111110011100000000
000000111100001110000000
000000111000001110000000
000001110000000110000000
000001110000000111000000
000001110000000111000000
000001100000000111000000
000001100000000011000000
000001110000000011000000
000001110000000011000000
000001110000000011000000
000000111000000011000000
000000111100000011000000
000000011111000111000000
000000001111111111000000
000000000111111110000000
000000000000000000000000
000000000000000000000000
000000000000000000000000
000000000000000000000000
000000000000000000000000
000000000000000000000000
000000000000000000000000
000000000000000000000000
000000000000000000000000
000000000000000000000000
000000000000000000000000
000000000000000000000000
start_draw_0:
000000000000000000000000
000000000000000000000000
000000000000000000000000
000000000000000000000000
000000000000000000000000
000000000000000000000000
000000000001111110000000
000000000111111110000000
000000001111111100000000
000000111110011110000000
000001111100001110000000
000001111000000111000000
000001110000000111000000
000011100000000011000000
000011100000000011100000
000011100000000011100000
000011000000000001100000
000011000000000001110000
000011000000000001110000
000011100000000001110000
000011100000000000110000
000011100000000000111000
000011110000000000111000
000001110000000000111000
000001111000000000111000
000000111110000000110000
000000011111100001110000
000000001111111111110000
000000000011111111100000
000000000000000000000000
000000000000000000000000
000000000000000000000000
000000000000000000000000
000000000000000000000000
000000000000000000000000
000000000000000000000000
start_draw_0:
000000000000000000000000
000000000000000000000000
000000000000000000000000
000000011100000000000000
000000011110000000000000
000000011111000000000000
000000011111100000000000
000000111111100000000000
000001111011100000000000
000011110001110000000000
000011100001110000000000
000011100000110000000000
000111000000111000000000
000111000000111000000000
000111000000011000000000
000110000000011000000000
000110000000011000000000
000110000000011000000000
000110000000011000000000
000110000000011000000000
000111000000011000000000
000111100000111000000000
000011111001111000000000
000001111111110000000000
000000111111100000000000
000000000000000000000000
000000000000000000000000
000000000000000000000000
000000000000000000000000
000000000000000000000000
000000000000000000000000
000000000000000000000000
000000000000000000000000
000000000000000000000000
000000000000000000000000
000000000000000000000000
start_draw_0:
000000000000000000000000
000000000000000000000000
000000000000000000000000
000000000000000001110000
000000000000000001111100
000000000000000111111100
000000000000001111111110
000000000000011110001110
000000000000111100000111
000000000000111000000111
000000000000111000000011
000000000001110000000011
000000000001110000000011
000000000001110000000011
000000000001110000000011
000000000001110000000011
000000000001110000000011
000000000000110000000011
000000000000111000000011
000000000000111100000111
000000000000011111111111
000000000000001111111110
000000000000000011111100
000000000000000000000000
000000000000000000000000
000000000000000000000000
000000000000000000000000
000000000000000000000000
000000000000000000000000
000000000000000000000000
000000000000000000000000
000000000000000000000000
000000000000000000000000
000000000000000000000000
000000000000000000000000
000000000000000000000000
start_draw_0:
000001100000000000000000
000001111100000000000000
000001111111000000000000
000001111111100000000000
000011100111110000000000
000011100011110000000000
000111000001110000000000
000111000000111000000000
001110000000111000000000
001110000000011000000000
001110000000011000000000
001100000000011000000000
001100000000011000000000
001110000000011000000000
001110000000011000000000
001111000000011000000000
000111000000011000000000
000111100000011000000000
000011110000011000000000
000001111000011000000000
000000111110111000000000
000000111111111000000000
000000001111111000000000
000000000000110000000000
000000000000000000000000
000000000000000000000000
000000000000000000000000
000000000000000000000000
000000000000000000000000
000000000000000000000000
000000000000000000000000
000000000000000000000000
000000000000000000000000
000000000000000000000000
000000000000000000000000
000000000000000000000000
start_draw_0:
000000000000000000000000
000000000000000000000000
000000000000111000000000
000000000000111111100000
000000000000111111110000
000000000000111111111000
000000000001110000111100
000000000001110000011110
000000000001110000001110
000000000001100000001110
000000000001100000000111
000000000001100000000111
000000000001100000000011
000000000001110000000011
000000000001110000000011
000000000001111000000011
000000000000111000000011
000000000000111100000011
000000000000011110000011
000000000000001111000011
000000000000001111100011
000000000000000111110111
000000000000000011111111
000000000000000001111110
000000000000000000011110
000000000000000000000000
000000000000000000000000
000000000000000000000000
000000000000000000000000
000000000000000000000000
000000000000000000000000
000000000000000000000000
000000000000000000000000
000000000000000000000000
000000000000000000000000
000000000000000000000000
start_draw_0:
000000000000000000000000
000000000000000000000000
000000000000000000000000
000000000000000000000000
000000000000000000000000
000000000000000000000000
000000000000000000000000
000000000000000000000000
000000000000000000000000
000000000000000000000000
000000000000000000000000
000000000000000000000000
000000000000000000000000
000000000000000000000000
000000000000000000000000
000000000000000000000000
000000000000000000000000
000000000000000000000000
000000000000000000000000
000000000000000000000000
000000011000000000000000
000001111100000000000000
000011111100000000000000
000111101100000000000000
000111001100000000000000
000110001100000000000000
000110001100000000000000
000110001100000000000000
000110011100000000000000
000111011100000000000000
000111111100000000000000
000111111000000000000000
000000000000000000000000
000000000000000000000000
000000000000000000000000
000000000000000000000000
start_draw_0:
000000000000000000000000
000000000000000000000000
000000000000000000000000
000000000000000000000000
000000000000000000000000
000000000000000000000000
000000000000000000000000
000000000000000000000000
000000000000000000000000
000000000000000000000000
000000000000000000000000
000000000000000000000000
000000000000000000000000
000000000000000000000000
000000000000000000000000
000000000000011000000000
000000000000111110000000
000000000001111111000000
000000000011110111100000
000000000011100011100000
000000000011100011110000
000000000111000001110000
000000000111000001110000
000000000110000000110000
000000000110000000110000
000000000110000000110000
000000000110000000110000
000000000110000000110000
000000000111000000110000
000000000111000001110000
000000000111100011110000
000000000011111111100000
000000000001111111000000
000000000000111110000000
000000000000000000000000
000000000000000000000000
start_draw_0:
000000000000000000000000
000000000000000000000000
000000000000000000000000
000000000000000000000000
000000000000000000000000
000000000000000000000000
000000000000000000000000
000000000000000111000000
000000000000011111110000
000000000000111111110000
000000000011111001110000
000000000111110001111000
000000001111100000111000
000000011111000000111000
000000011110000000011100
000000111100000000011100
000000111000000000001100
000000110000000000001100
000001110000000000001100
000001110000000000001100
000001110000000000001100
000000110000000000011100
000000110000000000011100
000000110000000000011100
000000111000000000111000
000000111100000001111000
000000011110000011111000
000000011111111111110000
000000001111111111000000
000000000001111100000000
000000000000000000000000
000000000000000000000000
000000000000000000000000
000000000000000000000000
000000000000000000000000
000000000000000000000000
start_draw_0:
000000000000000000000000
000000000000000000000000
000000000000000000000000
000000011110000000000000
000000011111110000000000
000000011111111000000000
000000000001111100000000
000000011110011110000000
000000111110001111000000
000001111110000111100000
000001110000000011100000
000011110000000011110000
000011100000000001110000
000011100000000001110000
000011100000000000111000
000011000000000000111000
000011000000000000011100
000011100000000000011100
000011100000000000011100
000011100000000000001100
000011100000000000001100
000001110000000000001100
000001110000000000001100
000000111000000000001100
000000111100000000011100
000000011110000000011100
000000011111100000011100
000000000111111111111000
000000000001111111111000
000000000000000011000000
000000000000000000000000
000000000000000000000000
000000000000000000000000
000000000000000000000000
000000000000000000000000
000000000000000000000000
start_draw_0:
000000000000000000000000
000000000000000000000000
000000000000000000000000
000000000000000000000000
000000000000000000000000
000000000011000000000000
000000000011110000000000
000000001111110000000000
000000011111111100000000
000000111110111100000000
000000111000011100000000
000001110000011100000000
000001110000011100000000
000001110000011100000000
000001100000001100000000
000001100000001100000000
000001100000001100000000
000001110000001100000000
000001110000011100000000
000001110000111100000000
000000111101111000000000
000000111111111000000000
000000001111110000000000
000000000000000000000000
000000000000000000000000
000000000000000000000000
000000000000000000000000
000000000000000000000000
000000000000000000000000
000000000000000000000000
000000000000000000000000
000000000000000000000000
000000000000000000000000
000000000000000000000000
000000000000000000000000
000000000000000000000000
start_draw_0:
000000000000000000000000
000000000000000000000000
000000000000000000000000
000000000000000000000000
000000000000000000000000
000000000000000000000000
000000000000000000000000
000000000000000000000000
000000000000000000000000
000000000000000000000000
000000000011111111000000
000000000111111111100000
000000001111111111111000
000000001110000111111000
000000001100000000111100
000000001100000000011110
000000001100000000001110
000000001110000000001111
000000001111000000000111
000000000111000000000011
000000000111100000000011
000000000011110000000011
000000000001110000000001
000000000001111100000001
000000000000111111000000
000000000000001111111110
000000000000000011111110
000000000000000000000110
000000000000000000000000
000000000000000000000000
000000000000000000000000
000000000000000000000000
000000000000000000000000
000000000000000000000000
000000000000000000000000
000000000000000000000000
start_draw_0:
000000000000000000000000
000000000000000000000000
000000000000000000000000
000000000000000000000000
000000000000000000000000
111111110000000000000000
111111111000000000000000
000111111110000000000000
000011111110000000000000
000011100111000000000000
000111100111000000000000
000111000011000000000000
001110000011100000000000
001110000011100000000000
001100000011100000000000
001100000011100000000000
001110000011100000000000
001110000011000000000000
001110000011000000000000
000111000111000000000000
000111100111000000000000
000011111111000000000000
000011111110000000000000
000000000000000000000000
000000000000000000000000
000000000000000000000000
000000000000000000000000
000000000000000000000000
000000000000000000000000
000000000000000000000000
000000000000000000000000
000000000000000000000000
000000000000000000000000
000000000000000000000000
000000000000000000000000
000000000000000000000000
start_draw_0:
000000000000000000000000
000000000000000000000000
000000000000000000000000
000000000000000000000000
000000000000000000000000
000000000000000000000000
000000000000001111111000
000000000000111111111000
000000000001111111110000
000000000011110000110000
000000000111100000111000
000000001111000000111000
000000001110000000011000
000000011110000000011100
000000011100000000011100
000000011100000000011100
000000011100000000001100
000000011100000000001100
000000011100000000001100
000000011100000000001100
000000001110000000001100
000000001110000000011100
000000001111100000111100
000000000111111111111100
000000000011111111111000
000000000000011111000000
000000000000000000000000
000000000000000000000000
000000000000000000000000
000000000000000000000000
000000000000000000000000
000000000000000000000000
000000000000000000000000
000000000000000000000000
000000000000000000000000
000000000000000000000000
start_draw_0:
000000000000000000000000
000000000000000000000000
000000000000000000000000
000000000000000000000000
000000000000111110000000
000000000011111110000000
000000000111111110000000
000000001111111111100000
000000011110000111110000
000000011100000001110000
000000111000000000111000
000000111000000000111000
000000110000000000011000
000000110000000000011000
000000110000000000011000
000000110000000000011000
000000111000000000011000
000000111000000000011000
000000111100000000011000
000000011110000000011000
000000001111100000111000
000000000111111111111000
000000000011111111111000
000000000000001111100000
000000000000000000000000
000000000000000000000000
000000000000000000000000
000000000000000000000000
000000000000000000000000
000000000000000000000000
000000000000000000000000
000000000000000000000000
000000000000000000000000
000000000000000000000000
000000000000000000000000
000000000000000000000000
start_draw_0:
000000000000000000000000
000000000000000000000000
000000000000000000000000
000000000000000000000000
000000111110000000000000
000000111110000000000000
000001111111000000000000
000001111111100000000000
000011100111110000000000
000011100011111000000000
000111000000111100000000
000111000000011100000000
000111000000011100000000
000110000000001100000000
000110000000001100000000
000110000000001100000000
000110000000001100000000
000111000000001100000000
000111000000001100000000
000111000000001100000000
000011100000001100000000
000011100000001100000000
000011110000001100000000
000001110000001100000000
000001111000011100000000
000000111110011100000000
000000011111111100000000
000000001111111000000000
000000000000000000000000
000000000000000000000000
000000000000000000000000
000000000000000000000000
000000000000000000000000
000000000000000000000000
000000000000000000000000
000000000000000000000000
start_draw_0:
000000000000111110000000
000000000011111111000000
000000001111111111100000
000000011111111111110000
000000111100000001111000
000001111000000000111100
000011110000000000011100
000111100000000000011110
000111000000000000001110
001111000000000000001110
001110000000000000000110
001110000000000000000110
001100000000000000000110
011100000000000000000110
011100000000000000000110
011100000000000000000110
011100000000000000000110
011000000000000000000110
011000000000000000000110
011000000000000000001110
011000000000000000001110
011000000000000000001110
011000000000000000001100
011000000000000000011100
011100000000000000011100
011100000000000000111000
011100000000000000111000
001110000000000001111000
001110000000000001110000
001111000000000011110000
000111110000000111100000
000011111100001111000000
000001111111111111000000
000000001111111100000000
000000000000000000000000
000000000000000000000000
start_draw_0:
000000000000000000000000
000000000000000000000000
000000000011111110000000
000000000011111111111000
000000001111111111111100
000000011111100000011110
000001111100000000001110
000001111000000000000111
000011110000000000000111
000011100000000000000111
000011100000000000000011
000111000000000000000011
000111000000000000000011
000111000000000000000011
000110000000000000000011
000110000000000000000011
000110000000000000000011
000110000000000000000011
000110000000000000000011
000111000000000000000011
000111000000000000000111
000111000000000000000111
000011100000000000000111
000011100000000000000110
000001110000000000000110
000001111000000000001110
000000111100000000001110
000000111110000000001110
000000001111100000001100
000000000111111100011100
000000000011111111111100
000000000000011111111100
000000000000000000011000
000000000000000000000000
000000000000000000000000
000000000000000000000000
start_draw_0:
000000000000000000000000
000000000000000000000000
000000000000000000000000
000000000000000000000000
000000001111111000000000
000000001111111100000000
000000011111111100000000
000000111111111000000000
000001111000111100000000
000001110000111100000000
000011110000011110000000
000011100000001111000000
000011100000000111000000
000011000000000111100000
000011000000000011100000
000111000000000011100000
000111000000000001100000
000111000000000001100000
000110000000000001100000
000110000000000001100000
000111000000000001100000
000111000000000001100000
000111000000000001100000
000011100000000001100000
000011110000000011100000
000001111000000011100000
000001111100000111100000
000000111111111111000000
000000001111111110000000
000000000001111100000000
000000000000000000000000
000000000000000000000000
000000000000000000000000
000000000000000000000000
000000000000000000000000
000000000000000000000000
start_draw_0:
000000000000000000000000
000000000000000000000000
000000000000000000000000
000000000000000000000000
000000000000000000000000
000000000000000000000000
000000000000000000000000
000000111111111000000000
000001111111111110000000
000001111000111111000000
000001100000001111100000
000011100000000111110000
000011100000000011110000
000011100000000001110000
000011000000000000111000
000011000000000000111000
000011000000000000111000
000011000000000000111000
000011000000000000111000
000011000000000000111000
000011000000000000110000
000011000000000000110000
000011100000000000110000
000011100000000000110000
000001110000000001110000
000001111000000001110000
000000111100000001110000
000000011110000001100000
000000011111100011100000
000000001111111111100000
000000000011111111000000
000000000000000000000000
000000000000000000000000
000000000000000000000000
000000000000000000000000
000000000000000000000000
start_draw_0:
000000000000000000000000
000000000000000000000000
000000000000000000000000
000000000000000000000000
000000111100000000000000
000111111100000000000000
000111111111110000000000
000111111111111000000000
000111100001111100000000
000111000000011110000000
001111000000001111000000
001110000000000111000000
011110000000000011100000
011100000000000011100000
011100000000000001110000
111000000000000001110000
111000000000000001110000
111000000000000000110000
111000000000000000110000
111000000000000000110000
111000000000000000110000
111000000000000000110000
011100000000000001110000
011100000000000001110000
001110000000000001110000
001111000000000001100000
000111100000000011100000
000011111110000111100000
000001111111111111000000
000000001111111110000000
000000000000000000000000
000000000000000000000000
000000000000000000000000
000000000000000000000000
000000000000000000000000
000000000000000000000000
start_draw_0:
000000000000000000000000
000000000000000000000000
000000000000000000000000
000000000000000000000000
000000000000011000000000
000000000000111000000000
000000000001111100000000
000000000001111111100000
000000000011111111110000
000000000011100001111100
000000000011100000111100
000000000111000000011110
000000000111000000001111
000000001110000000000111
000000001110000000000111
000000001110000000000011
000000001100000000000011
000000001100000000000001
000000001100000000000001
000000001100000000000000
000000001110000000000000
000000001110000000000000
000000001110000000000000
000000000110000000000000
000000000111000000000000
000000000111000000000000
000000000011100000000000
000000000011100000000000
000000000001111000000000
000000000001111100000000
000000000000111111110111
000000000000001111111111
000000000000000001111111
000000000000000000000000
000000000000000000000000
000000000000000000000000
start_draw_0:
000000000000000000000000
000000000000000000000000
000000000000000000000000
000000000000000000000000
000000000000000000000000
000000000111111100000000
000000000111111111000000
000000000111111111100000
000000001111000111100000
000000001110000011110000
000000011110000001111000
000000111100000000111100
000000111000000000011100
000001111000000000011100
000001110000000000001110
000011100000000000001110
000011100000000000000110
000011100000000000000111
000011000000000000000111
000011000000000000000111
000011000000000000000011
000111000000000000000011
000111000000000000000011
000111100000000000000011
000011100000000000000011
000011110000000000000111
000001111000000000000111
000000111100000000000111
000000011111110000000110
000000001111111111111110
000000000001111111111110
000000000000000111111000
000000000000000000000000
000000000000000000000000
000000000000000000000000
000000000000000000000000
start_draw_0:
000000000000000000000000
000000000000000000000000
000000000000000000000000
000000000011100000000000
001111111111110000000000
011111111111111000000000
111100000000111000000000
111000000000011000000000
110000000000011000000000
110000000000011000000000
110000000000011000000000
110000000000011000000000
110000000000011000000000
110000000000011000000000
110000000000011000000000
111000000000011000000000
111000000000011000000000
111100000000011000000000
011111000000111000000000
001111100000111000000000
000111111111110000000000
000001111111110000000000
000000001111110000000000
000000000000000000000000
000000000000000000000000
000000000000000000000000
000000000000000000000000
000000000000000000000000
000000000000000000000000
000000000000000000000000
000000000000000000000000
000000000000000000000000
000000000000000000000000
000000000000000000000000
000000000000000000000000
000000000000000000000000
start_draw_0:
000000000000000000000000
000000000000000000000000
000000000000000000000000
000000000001111111100000
000000000111111111100000
000000001111100011110000
000000001111000001110000
000000011110000001110000
000000111100000000110000
000000111000000000111000
000000110000000000111000
000000110000000000111000
000000110000000000111000
000001110000000000111000
000001110000000000111000
000000110000000000111000
000000111000000000111000
000000111000000000111000
000000111100000000111000
000000011111000000110000
000000001111110001110000
000000000111111111110000
000000000001111111100000
000000000000000000000000
000000000000000000000000
000000000000000000000000
000000000000000000000000
000000000000000000000000
000000000000000000000000
000000000000000000000000
000000000000000000000000
000000000000000000000000
000000000000000000000000
000000000000000000000000
000000000000000000000000
000000000000000000000000
start_draw_0:
000000000000000000000000
000000000000000000000000
000000000000000000000000
000000000000000000000000
000000000000000000000000
000000000000000000000000
000000000000000000000000
000000000000000000000000
000000000000000000000000
000000000000000000000000
000000000000000000000000
000000000000000000000000
000000000000000000000000
000000000000000000000000
000000000000000000000000
000001111000000000000000
000011111110000000000000
000011111111000000000000
000011101111100000000000
000111100011110000000000
001111000001110000000000
001110000000110000000000
011110000000111000000000
011100000000111000000000
011100000000110000000000
011100000000110000000000
001110000001110000000000
001111000001110000000000
001111100011110000000000
000111111111100000000000
000001111111000000000000
000000000000000000000000
000000000000000000000000
000000000000000000000000
000000000000000000000000
000000000000000000000000
start_draw_0:
000000000000000000000000
000000000000000000000000
000000000000000000000000
000000000000000000000000
000000000000000000000000
000000000000000000000000
000000000000000000000000
000000000000000000000000
000000000000000000000000
000000000000000000000000
000000000000000000000000
000000000000000000000000
000000000000000000000000
000000000000000000000000
000000000000000000000000
000000000000000000000000
000000000000000000000000
000000000000000000000000
000000000000000000000000
000000000000001110000000
000000000000001111000000
000000000000001111100000
000000000000011111110000
000000000000111101110000
000000000001111001111000
000000000001110000111000
000000000011100000011000
000000000011100000011000
000000000011000000011000
000000000011000000111000
000000000011000000111000
000000000011100001110000
000000000011111111110000
000000000001111111100000
000000000000111111000000
000000000000000000000000
start_draw_0:
000000000000000000000000
000000000000000000000000
000000111000000000000000
000001111100000000000000
000011111111100000000000
000011100111111000000000
000111000001111100000000
000111000000011100000000
001110000000001100000000
001110000000001110000000
011100000000001110000000
011100000000000110000000
011000000000000110000000
011000000000000110000000
011000000000000110000000
011000000000000110000000
011000000000000110000000
011100000000000110000000
011100000000001110000000
011110000000001110000000
001111000000001110000000
001111100000011100000000
000111111111111100000000
000001111111111100000000
000000000111110000000000
000000000000000000000000
000000000000000000000000
000000000000000000000000
000000000000000000000000
000000000000000000000000
000000000000000000000000
000000000000000000000000
000000000000000000000000
000000000000000000000000
000000000000000000000000
000000000000000000000000
start_draw_0:
000000000000000000000000
000000000000000000000000
000000000000110000000000
000000000001111110000000
000000000001111111110000
000000000011110111111000
000000000011100001111100
000000000111100000111100
000000000111000000011110
000000000111000000001110
000000000110000000001110
000000000110000000000110
000000000110000000000110
000000000110000000000110
000000000110000000000110
000000000110000000000110
000000000111000000000110
000000000111100000001110
000000000111111001111110
000000000011111111111100
000000000000011111111000
000000000000000000000000
000000000000000000000000
000000000000000000000000
000000000000000000000000
000000000000000000000000
000000000000000000000000
000000000000000000000000
000000000000000000000000
000000000000000000000000
000000000000000000000000
000000000000000000000000
000000000000000000000000
000000000000000000000000
000000000000000000000000
000000000000000000000000
start_draw_0:
000000000000000000000000
000000000000000000000000
000000000000000000000000
000000000000000000000000
000000000000000000000000
000000000000000000000000
000000000000000000000000
000000000000000000000000
000000000000000000000000
000000000000000000000000
000000000000000000000000
000000000000000000000000
000000000000000000000000
000000000000000000000000
000000000000000000000000
000000000000000000000000
000000000000000000000000
000000000000000000000000
000000011110000000000000
000000111111000000000000
000011111111110000000000
000111110011111000000000
001111100001111100000000
011110000000011100000000
011100000000011100000000
011000000000001110000000
011000000000001110000000
011000000000000110000000
011000000000000110000000
011100000000001110000000
011100000000001110000000
011110000000001110000000
001111000000011100000000
000111110000111100000000
000111111111111100000000
000000111111111000000000
start_draw_0:
000000000000000000000000
000000000000000000000000
000000000000000000000000
000000000000000000000000
000000000000000000000000
000000000000000000000000
000000000000000000000000
000000000000000000000000
000000001111110000000000
000000001111111100000000
000000000001111110000000
000000000011111111000000
000000000011101111100000
000000000111000011100000
000000000111000001110000
000000001110000001111000
000000001110000000111000
000000001110000000111100
000000001100000000011100
000000001100000000001100
000000001100000000001100
000000011100000000001110
000000011100000000001110
000000011100000000001110
000000001100000000001110
000000001100000000001110
000000001110000000001110
000000001110000000001110
000000000111000000001100
000000000111100000011100
000000000011111001111100
000000000001111111111000
000000000000111111110000
000000000000000000000000
000000000000000000000000
000000000000000000000000
start_draw_0:
000000000000000000000000
000000000000000000000000
000000000000000000000000
000011111000000000000000
000111111000000000000000
001111011000000000000000
011111111000000000000000
011111111110000000000000
111100111111100000000000
111000000111110000000000
110000000011110000000000
110000000001111000000000
110000000000111100000000
110000000000011100000000
110000000000011110000000
110000000000001110000000
111000000000001110000000
111000000000000110000000
111100000000000110000000
011100000000000110000000
011111000000000110000000
001111100000001110000000
000111111000001110000000
000001111111111110000000
000000111111111100000000
000000000000000000000000
000000000000000000000000
000000000000000000000000
000000000000000000000000
000000000000000000000000
000000000000000000000000
000000000000000000000000
000000000000000000000000
000000000000000000000000
000000000000000000000000
000000000000000000000000
start_draw_0:
000000000000000000000000
000000000000000000000000
000000000000000000000000
000000000000111011100000
000000000000111111100000
000000000000111111100000
000000000001111111110000
000000000111110001111000
000000000111100000111000
000000001111000000111100
000000011110000000011100
000000011100000000011100
000000011100000000001100
000000011000000000001100
000000011000000000001100
000000011000000000001100
000000011000000000011100
000000011100000000011100
000000011100000000111100
000000001111000001111000
000000001111111111111000
000000000111111111100000
000000000000000000000000
000000000000000000000000
000000000000000000000000
000000000000000000000000
000000000000000000000000
000000000000000000000000
000000000000000000000000
000000000000000000000000
000000000000000000000000
000000000000000000000000
000000000000000000000000
000000000000000000000000
000000000000000000000000
000000000000000000000000
start_draw_0:
000000000000000000000000
000000000000000000000000
000000000000000000000000
000000000000000000000000
000000000000000000000000
000000000000000000000000
000000000000000000000000
000000000000000000000000
000000000000000000000000
000000000000000000000000
000000000000000000000000
000000000000000000000000
000000000000000000000000
000000000000000000000000
000000000000000000000000
000000000000000000000000
000000000000000000000000
000001111111000000000000
000001111111100000000000
000001111111110000000000
000011110001111000000000
000111100000111100000000
000111000000011100000000
000110000000011100000000
000110000000001100000000
000110000000001100000000
000110000000001100000000
000111000000001100000000
000111100000001100000000
000111111111111100000000
000011111111111100000000
000000001111110000000000
000000000000000000000000
000000000000000000000000
000000000000000000000000
000000000000000000000000
start_draw_0:
000000000000000000000000
000000000000000000000000
000000000000000000000000
000000000000000000000000
000000000000000000000000
000000000000000000000000
000000000000000000000000
000000000000000000000000
000000000000000000000000
000000000000000000000000
000000000000000000000000
000000000000000000000000
000000000000000000000000
000000000000000000000000
000000000000000000000000
000000000000000000000000
000000000000000000000000
000000000000000000000000
000000000000000000000000
000000000000000000000000
000000000000111111100000
000000000011111111111000
000000000011110011111100
000000000011100000111110
000000000011000000001110
000000000011000000000110
000000000011000000000110
000000000011000000000110
000000000011100000000110
000000000011100000001110
000000000011110000001110
000000000001111000011100
000000000001111100011100
000000000000111111111100
000000000000001111111000
000000000000000000000000
start_draw_0:
000000000000000000000000
000000000000000000000000
000001110000000000000000
000111110000000000000000
001111111000000000000000
011111111100000000000000
111100111100000000000000
111000001110000000000000
111000001111000000000000
110000000111000000000000
110000000011100000000000
110000000011100000000000
110000000001110000000000
110000000001110000000000
111000000000110000000000
111000000000110000000000
111000000000110000000000
011100000000110000000000
011110000001110000000000
001111111111110000000000
000111111111100000000000
000000111111000000000000
000000000000000000000000
000000000000000000000000
000000000000000000000000
000000000000000000000000
000000000000000000000000
000000000000000000000000
000000000000000000000000
000000000000000000000000
000000000000000000000000
000000000000000000000000
000000000000000000000000
000000000000000000000000
000000000000000000000000
000000000000000000000000
start_draw_0:
000000000000000000000000
000000000000000000000000
000000000000000000000000
000000000000000111110000
000000000000001111110000
000000000000001111111100
000000000000011111111110
000000000000111100111111
000000000000111000011111
000000000001110000001111
000000000001110000001111
000000000011100000000111
000000000011100000000111
000000000011000000000011
000000000011000000000011
000000000111000000000011
000000000111000000000011
000000000111000000000011
000000000111000000000011
000000000011000000000111
000000000011100000001111
000000000011111110111111
000000000001111111111111
000000000001111111111111
000000000000011111111110
000000000000000111111000
000000000000000000000000
000000000000000000000000
000000000000000000000000
000000000000000000000000
000000000000000000000000
000000000000000000000000
000000000000000000000000
000000000000000000000000
000000000000000000000000
000000000000000000000000
start_draw_0:
000000000000000000000000
000000000000000000000000
000000000000000000000000
000000000000000000000000
000000111110000000000000
000011111111100000000000
000111111111111000000000
001111111111111100000000
001111111111111100000000
001111111110111110000000
001111111100011111000000
001111111000001111000000
001111110000001111000000
001111110000000111000000
001111100000000111000000
001111100000000111000000
001111000000000111000000
001111000000000111000000
001111000000000111000000
001111000000000111000000
001111000000000111000000
000111100000001110000000
000111110000001110000000
000011111000011110000000
000001111111111110000000
000000111111111110000000
000000011111111100000000
000000000000000000000000
000000000000000000000000
000000000000000000000000
000000000000000000000000
000000000000000000000000
000000000000000000000000
000000000000000000000000
000000000000000000000000
000000000000000000000000
start_draw_0:
000000000000000000000000
000000000000000000000000
000000000000000000000000
000000000000000000000000
000000000000000000000000
000000000000000000000000
000000000000000000000000
000000000000000000000000
000000000011111000000000
000000000011111100000000
000000000000011111000000
000000000000001111100000
000000000000111111100000
000000000001111111110000
000000000011110001110000
000000000111100001111000
000000000111000000111000
000000001110000000111000
000000001110000000011000
000000001100000000011100
000000001100000000011100
000000001100000000011100
000000001100000000011100
000000001100000000011100
000000001110000000011100
000000001111000000111100
000000000111110001111000
000000000011111111111000
000000000000111111100000
000000000000000000000000
000000000000000000000000
000000000000000000000000
000000000000000000000000
000000000000000000000000
000000000000000000000000
000000000000000000000000
start_draw_0:
000000000000000000000000
000000000000000000000000
000011111100000000000000
000011111100000000000000
000111111111000000000000
001111011111100000000000
001110000111110000000000
011110000001111000000000
011100000000111100000000
011000000000011110000000
111000000000001111000000
111000000000000111100000
111000000000000011100000
111000000000000001110000
111000000000000001110000
011000000000000000111000
011100000000000000111000
011110000000000000011000
001110000000000000011000
001111100000000000011000
000111111000000000111000
000011111110000000111000
000000111111111111111000
000000001111111111110000
000000000000011111000000
000000000000000000000000
000000000000000000000000
000000000000000000000000
000000000000000000000000
000000000000000000000000
000000000000000000000000
000000000000000000000000
000000000000000000000000
000000000000000000000000
000000000000000000000000
000000000000000000000000
start_draw_0:
000000000000000000000000
000000000000000000000000
000000000000000000000000
000000000000000000000000
000000000000000000000000
000000000000000000000000
000000001110000000000000
000000001111100000000000
000000001111111100000000
000000000001111100000000
000000000011111100000000
000000000111111110000000
000000001111001110000000
000000001110000110000000
000000011110000111000000
000000111100000111000000
000000111000000111000000
000001111000000011000000
000001110000000011000000
000011100000000011000000
000011100000000011000000
000011100000000111000000
000111000000000111000000
000111000000000111000000
000110000000000110000000
000110000000001110000000
001110000000001110000000
001110000000001110000000
001110000000111100000000
000110000001111100000000
000111111111111000000000
000111111111100000000000
000000111000000000000000
000000000000000000000000
000000000000000000000000
000000000000000000000000
start_draw_0:
000000000000000000000000
000000000000000000000000
000000000000000000000000
000000000000000000000000
000000000000000000000000
000000000000000000000000
000000000000000000000000
000011111111100000000000
001111111111110000000000
011111111111111100000000
011110111111111110000000
111100000000011111000000
111000000000000111100000
110000000000000011110000
110000000000000001110000
110000000000000001110000
110000000000000000111000
110000000000000000111000
110000000000000000111000
110000000000000000111000
111000000000000000111000
111000000000000000111000
111100000000000000111000
011110000000000000111000
001111000000000000110000
000111111000000001110000
000011111111100011110000
000000111111111111100000
000000000111111111100000
000000000000000000000000
000000000000000000000000
000000000000000000000000
000000000000000000000000
000000000000000000000000
000000000000000000000000
000000000000000000000000
start_draw_0:
000000000000000000000000
000000000000000000000000
000000000000000000000000
001111100000000000000000
001111111000000000000000
001111111100000000000000
011110011110000000000000
011100001110000000000000
011100000110000000000000
011000000110000000000000
011000000110000000000000
011000000110000000000000
011100000110000000000000
011110001110000000000000
011111111110000000000000
001111111100000000000000
000000000000000000000000
000000000000000000000000
000000000000000000000000
000000000000000000000000
000000000000000000000000
000000000000000000000000
000000000000000000000000
000000000000000000000000
000000000000000000000000
000000000000000000000000
000000000000000000000000
000000000000000000000000
000000000000000000000000
000000000000000000000000
000000000000000000000000
000000000000000000000000
000000000000000000000000
000000000000000000000000
000000000000000000000000
000000000000000000000000
start_draw_0:
000000000000000000000000
000000000000000000000000
000000000000001111100000
000000000000011111110000
000000000000111111111000
000000000000111000111000
000000000001111000011000
000000000001110000011000
000000000001110000011000
000000000001111000111000
000000000001111111111000
000000000000111111111000
000000000000000000000000
000000000000000000000000
000000000000000000000000
000000000000000000000000
000000000000000000000000
000000000000000000000000
000000000000000000000000
000000000000000000000000
000000000000000000000000
000000000000000000000000
000000000000000000000000
000000000000000000000000
000000000000000000000000
000000000000000000000000
000000000000000000000000
000000000000000000000000
000000000000000000000000
000000000000000000000000
000000000000000000000000
000000000000000000000000
000000000000000000000000
000000000000000000000000
000000000000000000000000
000000000000000000000000
start_draw_0:
000000000000000000000000
000000000000000000000000
000000000000000000000000
000000000000000000000000
000000000000000000000000
000000000000000000000000
000000000000000000000000
000000000000000000000000
000000000000000000000000
000000000000000000000000
000000000000000000000000
000000000000000000000000
000000000000000000000000
000000000000000000000000
000000000000000000000000
000000000000000000000000
000000000000000000000000
000000000000000000000000
000000000000000000000000
000000000000000000000000
000000111111000000000000
000011111111100000000000
001111111111110000000000
001111011001111000000000
001110000000111000000000
001100000000111000000000
001100000000011000000000
001100000000011000000000
001110000000011000000000
001111000000111000000000
000111111111111000000000
000011111111110000000000
000000000110000000000000
000000000000000000000000
000000000000000000000000
000000000000000000000000
start_draw_0:
000000000000000000000000
000000000000000000000000
000000000000000000000000
000000000000000000000000
000000000000000000000000
000000000000000000000000
000000000000000000000000
000000000000000000000000
000000000000000000000000
000000000000000000000000
000000000000000000000000
000000000000000000000000
000000000000000000000000
000000000000000000000000
000000000000000000000000
000000000000000000000000
000000000000000000000000
000000000000000000000000
000000000000000011100000
000000000000000011110000
000000000000001111110000
000000000000111111111000
000000000001111100111000
000000000001111000111000
000000000011110000111000
000000000011100000111000
000000000011100000110000
000000000011100001110000
000000000011100011110000
000000000011100111100000
000000000001111111100000
000000000001111111000000
000000000000011100000000
000000000000000000000000
000000000000000000000000
000000000000000000000000
start_draw_0:
000000000000000000000000
000000000000000000000000
000000000000000000000000
000000000000000000000000
000000000000000000000000
000000000000000000000000
000000000000000000000000
000000000000000000000000
000000000000000000000000
000000000000000000000000
000000011111110000000000
000001111111111000000000
000111111111111000000000
001111100111111000000000
011111000001111000000000
111110000000111100000000
111000000000011100000000
000000000000011100000000
000000000000001100000000
000000000000001100000000
000000000000001100000000
000000000000001100000000
000000000000001100000000
000000000000001100000000
000000000000001100000000
000000000000001100000000
100000000000001100000000
110000000000001100000000
111000000000011100000000
111110000000111100000000
011111111111111100000000
000111111111111000000000
000000111111100000000000
000000000000000000000000
000000000000000000000000
000000000000000000000000
start_draw_0:
000000000000000000000000
000000000000000000000000
000000000000000000000000
000000000000000000000000
000000000000000000000000
000000000000000000000000
000000000000000000000000
000000000000000000000000
000000000000000000000000
000000000000000000000000
000000000000000000000000
000000000000000000000000
000000000000011111000000
000000000001111111100000
000000000011111111100000
000000000111100111000000
000000001111000111100000
000000011110000111100000
000000111100000011110000
000001111000000001110000
000011110000000000110000
000011100000000000110000
000111100000000000110000
000111000000000000110000
001110000000000000110000
001110000000000000110000
011100000000000000110000
011100000000000001110000
011100000000000001110000
011100000000000001110000
001110000000000011100000
001111000000000111100000
000111111000001111100000
000011111111111111000000
000000111111111110000000
000000000000000000000000
start_draw_0:
000000000000000000000000
000000000000000000000000
000000000000000000000000
000000000000000000000000
000000000000000000000000
000000000000000000000000
000000000000000000000000
000000000000000000000000
000000000000000000000000
000000000000000000000000
000000000000111111000000
000000000001111111100000
000000000011110011100000
000000000111100011100000
000000000111000001100000
000000001110000001100000
000000001110000001100000
000000001110000001100000
000000001100000001100000
000000001100000001100000
000000001100000011100000
000000001100000011100000
000000001110000111000000
000000001110001111000000
000000000111111110000000
000000000111111110000000
000000000001111000000000
000000000000000000000000
000000000000000000000000
000000000000000000000000
000000000000000000000000
000000000000000000000000
000000000000000000000000
000000000000000000000000
000000000000000000000000
000000000000000000000000
start_draw_0:
000000000000000000000000
000000000000000000000000
000000000000000000000000
000000000000000000000000
000000000000000000000000
000000000000000000000000
000000000000000000000000
000000011111100000000000
000000111111100000000000
000000111111100000000000
000001111111100000000000
000001110011110000000000
000011110001110000000000
000011100000110000000000
000011000000111000000000
000011000000111000000000
000011000000111000000000
000111000000011000000000
000111000000011000000000
000111000000011000000000
000111000000111000000000
000111000000111000000000
000011000000111000000000
000011000000110000000000
000011100000110000000000
000011110001110000000000
000001110001110000000000
000001111111100000000000
000000111111100000000000
000000001110000000000000
000000000000000000000000
000000000000000000000000
000000000000000000000000
000000000000000000000000
000000000000000000000000
000000000000000000000000
start_draw_0:
000000000000000000000000
000000000000000000000000
000000000000000000000000
000000000000000000000000
000000000000000000000000
000000000000000000000000
000000000000000000000000
000000000000000000000000
000000000000000000000000
000000000000000000000000
000000000000000000000000
000000000000000000000000
000000000000001111100000
000000000000011111110000
000000000000111101111000
000000000001111000111000
000000000011110000111100
000000000111100000011100
000000000111000000011100
000000000111000000001100
000000001110000000001100
000000001110000000001100
000000001110000000001100
000000001110000000001100
000000000111000000001100
000000000111000000001100
000000000111100000001100
000000000011110000011100
000000000011111000111100
000000000001111111111100
000000000000011111111000
000000000000000000000000
000000000000000000000000
000000000000000000000000
000000000000000000000000
000000000000000000000000
start_draw_0:
000000000000000000000000
000000000000000000000000
000000000000000000000000
000000000000000000000000
000000000000000000000000
000000000000000000000000
000000000000000000000000
000000000111000000000000
000000000111111100000000
000000000111111110000000
000000001111111111100000
000000001110000111100000
000000011110000011100000
000000011100000001110000
000000111000000001110000
000000111000000001110000
000000110000000000110000
000000110000000000110000
000001110000000000110000
000001110000000000110000
000000110000000000110000
000000110000000000110000
000000111000000000110000
000000111000000000110000
000000011100000001110000
000000011110000001110000
000000001111000001110000
000000000111110011100000
000000000111111111100000
000000000001111111000000
000000000000000000000000
000000000000000000000000
000000000000000000000000
000000000000000000000000
000000000000000000000000
000000000000000000000000
start_draw_0:
000000000000000000000000
000000000000000000000000
000000011100000000000000
000001111100000000000000
000001111100000000000000
000011111111000000000000
000111101111100000000000
001111000111111000000000
001110000001111000000000
001110000000111100000000
001100000000011100000000
001100000000001110000000
001100000000001110000000
001110000000001110000000
001110000000001110000000
001111000000001110000000
000111110000011110000000
000011111111111100000000
000000111111111100000000
000000001111100000000000
000000000000000000000000
000000000000000000000000
000000000000000000000000
000000000000000000000000
000000000000000000000000
000000000000000000000000
000000000000000000000000
000000000000000000000000
000000000000000000000000
000000000000000000000000
000000000000000000000000
000000000000000000000000
000000000000000000000000
000000000000000000000000
000000000000000000000000
000000000000000000000000
start_draw_0:
000000000000000000000000
000000000000000000000000
000000000000000000000000
000000000000000000000000
000000000000000000000000
000000000000000000000000
000000000000000000000000
000000000000000000000000
000000000000000011100000
000000000000000111100000
000000000000001111110000
000000000000011111110000
000000000000111100111000
000000000000111000111100
000000000001111000011100
000000000011110000011100
000000000011100000001110
000000000111100000001110
000000000111000000000110
000000000110000000000110
000000000110000000000110
000000000110000000000110
000000000111000000001110
000000000111111111111110
000000000011111111111100
000000000000000000000000
000000000000000000000000
000000000000000000000000
000000000000000000000000
000000000000000000000000
000000000000000000000000
000000000000000000000000
000000000000000000000000
000000000000000000000000
000000000000000000000000
000000000000000000000000
start_draw_0:
000000000000000000000000
000000000000000000000000
000000000000000000000000
000000000000000000000000
000011100000000000000000
000111100000000000000000
001111100000000000000000
001110111111000000000000
011100111111000000000000
011100000111100000000000
111000000011110000000000
111000000001110000000000
111000000000111000000000
110000000000111000000000
111000000000111000000000
111000000000011000000000
111100000000011000000000
011111000000111000000000
001111111111111000000000
000111111111110000000000
000000111111100000000000
000000000000000000000000
000000000000000000000000
000000000000000000000000
000000000000000000000000
000000000000000000000000
000000000000000000000000
000000000000000000000000
000000000000000000000000
000000000000000000000000
000000000000000000000000
000000000000000000000000
000000000000000000000000
000000000000000000000000
000000000000000000000000
000000000000000000000000
start_draw_0:
000000000000000000000000
000000000000000000000000
000000000000000000000000
000000000000000000000000
000000000000000001111000
000000000000000011111100
000000000000000111111100
000000000000001111110000
000000000000011111111000
000000000000111100111000
000000000001111000011100
000000000011110000011100
000000000011100000001100
000000000111100000001100
000000000111000000001100
000000001110000000001100
000000001110000000001100
000000001110000000001100
000000001110000000001100
000000001100000000011100
000000001110000000111100
000000001110000111111000
000000000111111111110000
000000000111111111000000
000000000000000000000000
000000000000000000000000
000000000000000000000000
000000000000000000000000
000000000000000000000000
000000000000000000000000
000000000000000000000000
000000000000000000000000
000000000000000000000000
000000000000000000000000
000000000000000000000000
000000000000000000000000
start_draw_0:
000000000000000000000000
000000000000000000000000
000000000000000000000000
000000000000000000000000
000000000000000000000000
000000000000000000000000
000000000000000000000000
000000000000000000000000
000000000000000000000000
000000000000000000000000
000000000000000000000000
000000000000000000000000
000000000000000000000000
000000000000000000000000
000000000111100000000000
000000000111111000000000
000000000011111100000000
000000001111111110000000
000000011111001111000000
000000111100000111000000
000001111000000011100000
000001110000000011100000
000011100000000011100000
000011100000000011100000
000011100000000011100000
000011100000000111100000
000011100000001111000000
000001110000011111000000
000001111001111110000000
000000111111111100000000
000000011111110000000000
000000000000000000000000
000000000000000000000000
000000000000000000000000
000000000000000000000000
000000000000000000000000
start_draw_0:
000000000000000000000000
000000000000000000000000
000000000000000000000000
000000000000000000000000
000000000000000000000000
000000000000000000000000
000000000000000000000000
000000000000000000000000
000000000000000000000000
000000000000000000000000
000000000000000000000000
000000000000000000000000
000000000000000000000000
000000000000000000000000
000000000000000000000000
000000000000000000000000
000000000001111000000000
000000000111111000000000
000000011111111100000000
000000111111011110000000
000001111100001110000000
000011110000000111000000
000011100000000111000000
000111000000000011100000
000111000000000011100000
000111000000000001100000
000111100000000001100000
000111100000000001100000
000011111000000001100000
000001111111111111100000
000000111111111111100000
000000000011111110000000
000000000000000000000000
000000000000000000000000
000000000000000000000000
000000000000000000000000
start_draw_0:
000000000000000000000000
000000000000000000000000
000000000000000000000000
000000000000000000000000
000000000000000000000000
000000000000000000000000
000000000000000000000000
000000011110000000000000
000000111110000000000000
000001111111000000000000
000001110111100000000000
000011110111110000000000
000011100001111000000000
000111000000111000000000
000111000000111100000000
001110000000011100000000
001110000000011100000000
001110000000001100000000
001100000000001100000000
001100000000001100000000
001100000000001100000000
001110000000001100000000
001110000000001100000000
001111000000011100000000
000111100000111100000000
000111110011111000000000
000011111111111000000000
000001111111100000000000
000000000000000000000000
000000000000000000000000
000000000000000000000000
000000000000000000000000
000000000000000000000000
000000000000000000000000
000000000000000000000000
000000000000000000000000
start_draw_0:
000000000000000000000000
000000000000000000000000
000000000000000000000000
000000000000000000000000
000000000000000000000000
000000001110000000000000
000000011110000000000000
000000111111100000000000
000001111111110000000000
000001110011111000000000
000001110001111100000000
000011100000011100000000
000011100000011110000000
000011000000001110000000
000111000000000111000000
000111000000000111000000
000111000000000011100000
000110000000000011100000
000110000000000011100000
000111000000000001100000
000111000000000001100000
000111100000000001100000
000011111000000011100000
000001111111001111100000
000000111111111111000000
000000001111111100000000
000000000000000000000000
000000000000000000000000
000000000000000000000000
000000000000000000000000
000000000000000000000000
000000000000000000000000
000000000000000000000000
000000000000000000000000
000000000000000000000000
000000000000000000000000
start_draw_0:
000000000000000000000000
000000000000000000000000
000000000000000000000000
000000011111111111100000
000001111111111111100000
000011111100001111110000
000111110000000001111000
000111000000000000111000
001111000000000000111000
011110000000000000011000
011100000000000000011100
011100000000000000011100
011000000000000000011100
011000000000000000001110
011000000000000000001110
011000000000000000000110
011000000000000000000110
011000000000000000000110
011000000000000000000110
011100000000000000000110
011100000000000000000110
001110000000000000000110
001110000000000000000110
001111000000000000001110
000111100000000000001110
000011110000000000001110
000001111100000000011100
000000111111000000111100
000000011111110011111000
000000000111111111110000
000000000001111111100000
000000000000000000000000
000000000000000000000000
000000000000000000000000
000000000000000000000000
000000000000000000000000
start_draw_0:
000000000000000000000000
000000000000000000000000
000000000000000000000000
000000000000000000000000
000000000000000111111100
000000000000011111111110
000000000001111111001110
000000000011111100001111
000000000111110000000111
000000011111000000000111
000000111110000000000111
000000111100000000000110
000001111000000000000110
000011110000000000000110
000011100000000000000110
000011100000000000000110
000011000000000000000110
000011100000000000000110
000011100000000000000110
000011100000000000001110
000001110000000000001110
000001110000000000001110
000000111000000000001100
000000111100000000011100
000000011110000000011100
000000011111000000011000
000000001111100000011000
000000000011111000011000
000000000001111110011111
000000000000011111111111
000000000000001111111111
000000000000000000011000
000000000000000000000000
000000000000000000000000
000000000000000000000000
000000000000000000000000
start_draw_0:
000000000000000000000000
000000000000000000000000
000000000000000000000000
000000000001111110000000
000000000011111110000000
000000000111111111000000
000000001111100111000000
000000011110000111100000
000000011100000011100000
000000111100000011100000
000000111000000001110000
000001110000000001110000
000001110000000001110000
000001110000000001110000
000001100000000001110000
000001100000000001110000
000001100000000001110000
000001100000000001110000
000001110000000011100000
000001110000000011100000
000001111000000111100000
000000111111111111000000
000000011111111110000000
000000000111111000000000
000000000000000000000000
000000000000000000000000
000000000000000000000000
000000000000000000000000
000000000000000000000000
000000000000000000000000
000000000000000000000000
000000000000000000000000
000000000000000000000000
000000000000000000000000
000000000000000000000000
000000000000000000000000
start_draw_0:
000000000000000000000000
000000000000000000000000
000000000000000000000000
000000000000000000000000
000000000000000000000000
000000000000000000000000
000000000000000000000000
000000000000000000000000
000000000000111100000000
000000000001111100000000
000000000011111111000000
000000000111111111100000
000000001111000011110000
000000001110000001110000
000000011110000001110000
000000011100000000111000
000000111000000000111000
000000111000000000111000
000000111000000000011000
000000110000000000111000
000000110000000000111000
000000110000000000111000
000000111000000000111000
000000111100000000110000
000000011110000001110000
000000001111000001110000
000000001111111111110000
000000000011111111100000
000000000000001110000000
000000000000000000000000
000000000000000000000000
000000000000000000000000
000000000000000000000000
000000000000000000000000
000000000000000000000000
000000000000000000000000
start_draw_0:
000000000000000000000000
000011111111100000000000
000011111111111000000000
000001111101111100000000
000011111100111110000000
000111100000001111000000
000111000000000111100000
000111000000000011100000
001110000000000001110000
001110000000000001110000
001100000000000000111000
011100000000000000111000
011100000000000000111000
011100000000000000011000
011100000000000000011000
011100000000000000011000
011100000000000000011000
001110000000000000111000
001110000000000000111000
000111000000000000111000
000111100000000001110000
000011111000000001110000
000001111111001111100000
000000111111111111100000
000000000111111110000000
000000000000000000000000
000000000000000000000000
000000000000000000000000
000000000000000000000000
000000000000000000000000
000000000000000000000000
000000000000000000000000
000000000000000000000000
000000000000000000000000
000000000000000000000000
000000000000000000000000
start_draw_0:
000000000000000000000000
000000000000000000000000
000000000000111100000000
000000000000111110000000
000000000000011111100000
000000000000000111100000
000000000000000011110000
000000000000000011111000
000000000000000111111000
000000000000001111011100
000000000000011110011100
000000000000111100011110
000000000001111000001110
000000000001110000001110
000000000011100000000110
000000000011100000000111
000000000111000000000111
000000000111000000000111
000000000110000000000011
000000001110000000000011
000000001110000000000111
000000001110000000000111
000000001110000000000111
000000001111000000001110
000000000111110000011110
000000000111111111111110
000000000001111111111000
000000000000000000000000
000000000000000000000000
000000000000000000000000
000000000000000000000000
000000000000000000000000
000000000000000000000000
000000000000000000000000
000000000000000000000000
000000000000000000000000
start_draw_0:
000000000000000000000000
000000000000000000000000
000000000000000000000000
000000000000000000000000
000000000000000000000000
000000000001100000000000
000000000001111000000000
000000000001111110000000
000000000011111111000000
000000000111111111100000
000000001111100111100000
000000011110000011110000
000000111100000001111000
000000111000000000111000
000001111000000000111100
000001110000000000011100
000001110000000000001110
000001100000000000001110
000001100000000000001110
000001100000000000001110
000001110000000000001110
000001110000000000001110
000001111000000000001100
000000111110000000111100
000000011111111111111100
000000001111111111111000
000000000001111111100000
000000000000000000000000
000000000000000000000000
000000000000000000000000
000000000000000000000000
000000000000000000000000
000000000000000000000000
000000000000000000000000
000000000000000000000000
000000000000000000000000
start_draw_0:
000000000000000000000000
000000000000000000000000
000000000000000000000000
000000000000000000000000
000000000000000000000000
000000000111110000000000
000000011111111000000000
000001111111111100000000
000011111000011100000000
000111110000011110000000
001111000000001110000000
011110000000000111000000
111100000000000111000000
111000000000000111000000
111000000000000011000000
110000000000000011000000
110000000000000011000000
110000000000000011000000
110000000000000011000000
110000000000000111000000
110000000000000111000000
111000000000000111000000
111100000000001110000000
011110000000011110000000
011111000001111100000000
001111111111111000000000
000011111111110000000000
000000000000000000000000
000000000000000000000000
000000000000000000000000
000000000000000000000000
000000000000000000000000
000000000000000000000000
000000000000000000000000
000000000000000000000000
000000000000000000000000
start_draw_0:
000000000000000000000000
000000000000000000000000
000000000000000000000000
000000000000000000000000
000000000000000000000000
000000000000000000000000
000000000000000000000000
000000000000000000000000
000000000000000000000000
000000000000000000000000
000000000000000000000000
000000000000011110000000
000000000001111111100000
000000000011111111100000
000000001111100011100000
000000011111000001100000
000000111110000001100000
000000111100000001100000
000001111000000011100000
000011110000000011100000
000011100000000111100000
000111000000001111000000
000111000000011110000000
001110000000111110000000
001110000011111000000000
001110000111110000000000
001111011111100000000000
000111111110000000000000
000111111100000000000000
000000000000000000000000
000000000000000000000000
000000000000000000000000
000000000000000000000000
000000000000000000000000
000000000000000000000000
000000000000000000000000
start_draw_0:
000000000000000000000000
000000000000000000000000
000000000000000000000000
000000000000000000000000
000000000000000000000000
000000000000000000000000
000000000000000000000000
000000000000000000000000
000000000000000000000000
000000000000000000000000
000000000000000000000000
000000000000000000000000
000000000000000000000000
000000000000000000000000
000000000111110000000000
000000011111111000000000
000000111111111100000000
000001111100111100000000
000011110000001110000000
000111100000001110000000
000111000000000110000000
001111000000000110000000
001110000000000110000000
001110000000000110000000
000111000000001110000000
000111110000011110000000
000011111111111110000000
000000111111111000000000
000000000000000000000000
000000000000000000000000
000000000000000000000000
000000000000000000000000
000000000000000000000000
000000000000000000000000
000000000000000000000000
000000000000000000000000
start_draw_0:
000000000000000000000000
000000000000000000000000
000000000000000000000000
000000000000000000000000
000000000110000000000000
000000011111111100000000
000000011111111110000000
000000111110001111000000
000001111000000111000000
000011110000000111000000
000011100000000011000000
000111000000000011000000
001111000000000011100000
001110000000000011100000
001110000000000011100000
001100000000000011100000
011100000000000011100000
011100000000000011100000
011100000000000011100000
001110000000000011000000
001111000000000111000000
001111100000001111000000
000111111111111111000000
000001111111111110000000
000000000000000000000000
000000000000000000000000
000000000000000000000000
000000000000000000000000
000000000000000000000000
000000000000000000000000
000000000000000000000000
000000000000000000000000
000000000000000000000000
000000000000000000000000
000000000000000000000000
000000000000000000000000
start_draw_0:
000000000000000000000000
000000000000000000000000
000000000000000000000000
000000000011100000000000
000000000011111100000000
000000000001111100000000
000000000001111110000000
000000000001111111000000
000000000011110111100000
000000000011100011100000
000000000111000001110000
000000001111000001111000
000000001110000000111000
000000011110000000011000
000000011100000000011100
000000111100000000011100
000000111000000000011100
000000111000000000001100
000000110000000000001100
000000110000000000001100
000000110000000000001100
000000111000000000011100
000000111000000000011100
000000111100000000111000
000000011110000011111000
000000011111111111110000
000000001111111111000000
000000000001111110000000
000000000000000000000000
000000000000000000000000
000000000000000000000000
000000000000000000000000
000000000000000000000000
000000000000000000000000
000000000000000000000000
000000000000000000000000
start_draw_0:
000000000000000000000000
000000000000000000000000
000000000000000000000000
000000000000000000000000
000000000000000000000000
000000000000000000000000
000000000001111111100000
000000000111111111100000
000000011111101111111000
000000111110001111111100
000001111100000000011100
000011110000000000011100
000111110000000000001100
000111100000000000011100
000111000000000000011100
000110000000000000011100
000110000000000000011100
000110000000000000011000
000110000000000000011000
000111000000000000011000
000111100000000000011000
000011110000000000111000
000011111000000000111000
000001111110000001111000
000000011111111111110000
000000001111111111100000
000000000001111100000000
000000000000000000000000
000000000000000000000000
000000000000000000000000
000000000000000000000000
000000000000000000000000
000000000000000000000000
000000000000000000000000
000000000000000000000000
000000000000000000000000
start_draw_0:
000000000000000000000000
000000000000000000000000
000000000000000000000000
000000000000111100000000
000000000011111111100000
000000000111111111110000
000000001111000111110000
000000011110000001111000
000000111100000000111000
000000111000000000011100
000001111000000000011100
000001110000000000011100
000001110000000000001100
000001100000000000001100
000001110000000000001100
000001110000000000001100
000001110000000000001100
000001110000000000001100
000000111000000000001100
000000111100000000011100
000000011110000000111100
000000011111110001111000
000000000111111111111000
000000000001111111100000
000000000000000000000000
000000000000000000000000
000000000000000000000000
000000000000000000000000
000000000000000000000000
000000000000000000000000
000000000000000000000000
000000000000000000000000
000000000000000000000000
000000000000000000000000
000000000000000000000000
000000000000000000000000
start_draw_0:
000000000000000000000000
000000000000000000000000
000000000000000000000000
000000000111110000000000
000001111111111111100000
000011111111111111110000
000011110000001111111000
000011100000000000111000
000011000000000000011000
000011000000000000011000
000011000000000000111000
000011100000000011111000
000011111100001111110000
000001111111111111100000
000000011111111110000000
000000000000000000000000
000000000000000000000000
000000000000000000000000
000000000000000000000000
000000000000000000000000
000000000000000000000000
000000000000000000000000
000000000000000000000000
000000000000000000000000
000000000000000000000000
000000000000000000000000
000000000000000000000000
000000000000000000000000
000000000000000000000000
000000000000000000000000
000000000000000000000000
000000000000000000000000
000000000000000000000000
000000000000000000000000
000000000000000000000000
000000000000000000000000
start_draw_0:
000000000000000000000000
000000000000000000000000
000000000000000000000000
000000000000000000000000
000000000000000000000000
000000000000000000000000
000000000000000000000000
000000000000000000000000
000000000000000000000000
000000000000000000000000
000000000000000000000000
000000000000000000000000
000000000000000000000000
000000000000000000000000
000000000000111111000000
000000011111111111110000
000111111111111111111000
011111111100000001111000
111111000000000000111000
111100000000000000111000
110000000000000000011000
110000000000000000111000
110000000000000000111000
111000000000000000111000
111100000000000001110000
111110000000000001110000
011111000000000011100000
000111110000001111100000
000011111111111111000000
000000111111111100000000
000000000000000000000000
000000000000000000000000
000000000000000000000000
000000000000000000000000
000000000000000000000000
000000000000000000000000
start_draw_0:
000000001111100000000000
000000001111111000000000
000000001111111100000000
000000111111111110000000
000001111111101111000000
000011111000000111100000
000111100000000011110000
001111000000000001111000
001110000000000000111000
011110000000000000111100
011100000000000000011100
011100000000000000001110
011000000000000000001110
111000000000000000000110
111000000000000000000111
111000000000000000000111
111000000000000000000111
111000000000000000000011
110000000000000000000011
111000000000000000000111
111000000000000000000111
111000000000000000000111
011100000000000000000110
011100000000000000000110
011110000000000000001110
001111000000000000001110
000111000000000000011100
000111100000000000111100
000011110000000001111000
000001111100000011111000
000000111111001111110000
000000011111111111000000
000000000111111110000000
000000000000000000000000
000000000000000000000000
000000000000000000000000
start_draw_0:
000000000000000000000000
000000000000000000000000
000000000000000000000000
000000000000000000000000
000000000000000000000000
000000001110000000000000
000000011111110000000000
000001111111111100000000
000011111001111110000000
000111110000001111000000
001111100000000111100000
001111000000000011110000
011110000000000001111000
011100000000000000111000
011100000000000000011100
111000000000000000011100
111000000000000000001100
111000000000000000001100
110000000000000000001100
110000000000000000001100
110000000000000000001100
110000000000000000001100
110000000000000000001100
110000000000000000011100
110000000000000000011100
110000000000000000011100
111000000000000000111000
111100000000000000111000
011111100000000001111000
001111111000000001110000
000011111111000111110000
000000111111111111100000
000000000011111111000000
000000000000000000000000
000000000000000000000000
000000000000000000000000
start_draw_0:
000000000000000000000000
000000000000000000000000
000000000000000000000000
000000000000000000000000
000000000000000000000000
000000000000000000000000
000000000000000000000000
000000000000000000000000
000000000000000000000000
000000000000111110000000
000000000011111110000000
000000001111111111000000
000000011111111111100000
000001111110000011110000
000011111000000001110000
000011110000000000111000
000011100000000000111000
000111000000000000011100
000111000000000000011100
000111000000000000011100
000111000000000000001100
000111000000000000001100
000011100000000000001100
000011110000000000001100
000001111000000000011100
000000111110000000011100
000000011111000000011100
000000001111111001111000
000000000011111111111000
000000000000111111110000
000000000000000000000000
000000000000000000000000
000000000000000000000000
000000000000000000000000
000000000000000000000000
000000000000000000000000
start_draw_0:
000000000000000000000000
000000000000000000000000
000000000000000000000000
000000000001111100000000
000000000111111100000000
000000011111111110000000
000000111110011111000000
000001111100000111100000
000011110000000011110000
000111100000000001111000
000111100000000000111100
001111000000000000011100
001110000000000000011110
001100000000000000001110
001100000000000000001110
011100000000000000000110
011100000000000000000111
011100000000000000000111
011100000000000000000111
001100000000000000000111
001110000000000000000111
001111000000000000000110
000111100000000000001110
000011111000000000001110
000001111110000000111110
000000111111100011111100
000000001111111111111000
000000000011111111100000
000000000000000000000000
000000000000000000000000
000000000000000000000000
000000000000000000000000
000000000000000000000000
000000000000000000000000
000000000000000000000000
000000000000000000000000
start_draw_0:
000000000000000000000000
000000000000000000000000
000000000000000000000000
000000000000000000000000
000000000000000000000000
000000000000000000000000
000000000000111110000000
000000000001111111000000
000000000011111111100000
000000001111100111110000
000000011111000011110000
000000011110000001111000
000000111100000000111000
000001111000000000111000
000001110000000000011000
000001110000000000011000
000001100000000000111000
000001100000000000111000
000001110000000000111000
000001110000000000111000
000001110000000001110000
000000111000000001110000
000000111100000001110000
000000011100000011100000
000000011110000011100000
000000001111000111000000
000000000111100111000000
000000000011101110000000
000000000011111110000000
000000000001111100000000
000000000000111000000000
000000000000000000000000
000000000000000000000000
000000000000000000000000
000000000000000000000000
000000000000000000000000
start_draw_0:
000000000000000000000000
000000000000000000000000
000000001111110000000000
000000011111111100000000
000000111110111111100000
000001111000001111110000
000011110000000011111000
000111100000000000111100
001111000000000000011100
011110000000000000001110
011100000000000000001110
111100000000000000001100
111000000000000000001100
111000000000000000001100
110000000000000000001100
110000000000000000001100
110000000000000000011100
111000000000000000011100
111000000000000000011100
011110000000000000011000
011111000000000000111000
001111111000000000111000
000011111111000001110000
000000111111111111110000
000000000111111111100000
000000000000000000000000
000000000000000000000000
000000000000000000000000
000000000000000000000000
000000000000000000000000
000000000000000000000000
000000000000000000000000
000000000000000000000000
000000000000000000000000
000000000000000000000000
000000000000000000000000
start_draw_0:
000001100000000000000000
001111111110000000000000
001111111111100000000000
001111000111111000000000
001111000001111100000000
001110000000111110000000
001110000000001110000000
001110000000001111000000
001110000000000111000000
001100000000000011100000
001110000000000011100000
001110000000000011100000
001110000000000011100000
001110000000000011100000
001110000000000011100000
000110000000000011100000
000111000000000011100000
000111000000000011000000
000111100000000111000000
000011111000000111000000
000001111111111111000000
000000111111111110000000
000000000111111100000000
000000000000000000000000
000000000000000000000000
000000000000000000000000
000000000000000000000000
000000000000000000000000
000000000000000000000000
000000000000000000000000
000000000000000000000000
000000000000000000000000
000000000000000000000000
000000000000000000000000
000000000000000000000000
000000000000000000000000
start_draw_0:
000000000000000000000000
000000000000000000000000
000000000000000000000000
000000000000000000000000
000000000000000000000000
000000000000000000000000
000000000000000000000000
000000000000000000000000
000000000000000000000000
000000000000011110000000
000000000001111110000000
000000000111111110000000
000000001111111100000000
000000011111011110000000
000000111100011111000000
000000111000001111000000
000001111000001111100000
000001110000001111100000
000011100000000011100000
000011100000000001100000
000011100000000011100000
000011000000000011100000
000011000000000011100000
000011100000000011100000
000011100000000011000000
000011111000000111000000
000001111110000111000000
000000111111111110000000
000000000111111110000000
000000000000000000000000
000000000000000000000000
000000000000000000000000
000000000000000000000000
000000000000000000000000
000000000000000000000000
000000000000000000000000
start_draw_0:
000000000000000000000000
000000000000000000000000
000000000000000000000000
000000000000000000000000
000000000000000000000000
000000000000000000000000
000000000000000000000000
000000000000000000000000
000000000000000000000000
000000000000000000000000
000000000000000000000000
000000000000000000000000
000000000000000000000000
000000000000000000000000
000000001111111000000000
000000011111111110000000
000000111111111111000000
000001111000001111000000
000011110000000111000000
000011100000000011100000
000111100000000011100000
000111000000000011100000
000110000000000011100000
000110000000000011100000
000110000000000011100000
000111000000000011000000
000111000000000111000000
000111110000001111000000
000011111111111110000000
000000111111111110000000
000000000011111000000000
000000000000000000000000
000000000000000000000000
000000000000000000000000
000000000000000000000000
000000000000000000000000
start_draw_0:
000000000000000000000000
000000000000000000000000
000000000000000000000000
000000000000000000000000
000000011111111100000000
000001111111111100000000
000111111100011100000000
001111100000011111000000
001111000000011111100000
011110000000000011100000
011100000000000011100000
011100000000000001110000
011000000000000001110000
011000000000000001110000
011000000000000000110000
011000000000000000110000
011000000000000001110000
011000000000000001110000
011100000000000001110000
011100000000000001110000
011111000000000001100000
001111110000000011100000
000011111111000011100000
000001111111111111100000
000000000111111111000000
000000000000000000000000
000000000000000000000000
000000000000000000000000
000000000000000000000000
000000000000000000000000
000000000000000000000000
000000000000000000000000
000000000000000000000000
000000000000000000000000
000000000000000000000000
000000000000000000000000
start_draw_0:
000000000000000000000000
000000000000000000000000
000000000000000000000000
000000000000000000000000
000000000000000000000000
000000000000000000000000
000000000000000000000000
000000001111111100000000
000000001111111100000000
000000000111100000000000
000000001111110000000000
000000011111110000000000
000000111101111000000000
000001111000111100000000
000001110000011100000000
000011110000011100000000
000011100000001110000000
000111000000001110000000
000111000000000110000000
000110000000000111000000
000110000000000111000000
000110000000000111000000
000110000000000110000000
000110000000000110000000
000110000000000110000000
000110000000001110000000
000111000000001110000000
000111100000011110000000
000011111001111100000000
000001111111111000000000
000000111111100000000000
000000000000000000000000
000000000000000000000000
000000000000000000000000
000000000000000000000000
000000000000000000000000
start_draw_0:
000000000000000000000000
001111111100000000000000
001111111110000000000000
001110011111000000000000
000001111111100000000000
000011111111110000000000
000111100001110000000000
001111000001111000000000
001110000000111000000000
001110000000011000000000
011100000000011100000000
011100000000011100000000
011000000000011100000000
011000000000001100000000
011000000000001100000000
011000000000001100000000
011000000000001100000000
011000000000001100000000
011100000000001110000000
011100000000001110000000
001110000000001110000000
001111000000001110000000
000111110000001100000000
000011111111011100000000
000001111111111100000000
000000001111111000000000
000000000000000000000000
000000000000000000000000
000000000000000000000000
000000000000000000000000
000000000000000000000000
000000000000000000000000
000000000000000000000000
000000000000000000000000
000000000000000000000000
000000000000000000000000
start_draw_0:
000000000000000000000000
000000000000000000000000
000000000000000000000000
000000000000001100000000
000000000000001110000000
000000000000011111000000
000000000111111111100000
000000011111111111100000
000000111110000001110000
000001111100000001110000
000011110000000000111000
000111100000000000111000
000111100000000000111000
000111000000000000011000
000110000000000000011000
001110000000000000011000
001110000000000000011000
001110000000000000011000
001110000000000000011000
000110000000000000011000
000110000000000000111000
000111000000000000111000
000111100000000000111000
000011110000000001110000
000001111100000001110000
000001111111000111110000
000000011111111111100000
000000000111111111000000
000000000000000000000000
000000000000000000000000
000000000000000000000000
000000000000000000000000
000000000000000000000000
000000000000000000000000
000000000000000000000000
000000000000000000000000
start_draw_0:
000000000000000000000000
000000000000000000000000
000000000000000000000000
000001111100000000000000
000011111100000000000000
000111111111100000000000
001111001111110000000000
011110000001110000000000
011100000001110000000000
111100000000111000000000
111000000000111000000000
000000000000111000000000
000000000000011000000000
000000000000011000000000
000000000000011000000000
000000000000011000000000
000000000000011000000000
000000000000011000000000
000000000000011000000000
000000000000011000000000
100000000000011000000000
110000000000011000000000
111000000000111000000000
111110000000111000000000
011111110001111000000000
000111111111110000000000
000001111111110000000000
000000000000000000000000
000000000000000000000000
000000000000000000000000
000000000000000000000000
000000000000000000000000
000000000000000000000000
000000000000000000000000
000000000000000000000000
000000000000000000000000
start_draw_0:
000000000000000000000000
000000000000000000000000
000000000000000000000000
000000000000000000000000
000000000000000000111000
000000011111111111111000
000001111111111111111100
000011111100000011111100
000111110000000000011100
000111100000000000001110
000111000000000000001110
001110000000000000001110
001110000000000000000110
001110000000000000000110
001110000000000000000110
001100000000000000000110
001100000000000000000110
001100000000000000000110
001100000000000000001110
001100000000000000001110
001110000000000000001100
001110000000000000011100
000111000000000000011100
000111000000000000111000
000111100000000000111000
000011110000000001110000
000011111000000011110000
000001111111011111100000
000000111111111111000000
000000000111111100000000
000000000000000000000000
000000000000000000000000
000000000000000000000000
000000000000000000000000
000000000000000000000000
000000000000000000000000
start_draw_0:
000000000000000000000000
000000000000000000000000
000000000000000000000000
000000000000000000000000
000000000000000000000000
000000000000000000000000
000000000000011111000000
000000000000011111110000
000000000000111111110000
000000000001111111111000
000000000011110000111000
000000000111100000011100
000000000111100000011100
000000001111000000001110
000000001110000000001110
000000001110000000001110
000000001100000000000110
000000001100000000000110
000000001100000000000110
000000001100000000000110
000000001100000000001110
000000001100000000001110
000000001110000000001110
000000001110000000011100
000000001110000000011100
000000000110000000111000
000000000111000000111000
000000000111100001110000
000000000011110111110000
000000000011111111100000
000000000001111111000000
000000000000000000000000
000000000000000000000000
000000000000000000000000
000000000000000000000000
000000000000000000000000