start_draw_0:
000000000000000000000000
000000000000000000000000
000000000000000000000000
000000011110000000000000
000000111111100000000000
000000111111100000000000
000000111011110000000000
000000000001110000000000
000000000000110000000000
000000000000110000000000
000000000000110000000000
000000000000110000000000
000000000001110000000000
000000000001110000000000
000000000001110000000000
000000000011100000000000
000000000111100000000000
000000000111100000000000
000000001111000000000000
000000011110000000000000
000011111111111111100000
000011111111111111111100
000011111111111111111100
000000000000000000000000
000000000000000000000000
000000000000000000000000
000000000000000000000000
000000000000000000000000
000000000000000000000000
000000000000000000000000
000000000000000000000000
000000000000000000000000
000000000000000000000000
000000000000000000000000
000000000000000000000000
000000000000000000000000
start_draw_0:
000000000000000000000000
000000000000000000000000
000000000000000000000000
000000000000000000000000
000000000000000000000000
000000000001111100000000
000000000011111110000000
000000000011101110000000
000000000000001110000000
000000000000001110000000
000000000000000110000000
000000000000000110000000
000000000000001110000000
000000000000001110000000
000000000000001100000000
000000000000011100000000
000000000000011100000000
000000000000111100000000
000000000001111000000000
000000000011110000000000
000000001111100000000000
000001111111100000000000
000001111110000000000000
000000111111000000000000
000000011111111100000000
000000000011111111100000
000000000000011111110000
000000000000000001110000
000000000000000000000000
000000000000000000000000
000000000000000000000000
000000000000000000000000
000000000000000000000000
000000000000000000000000
000000000000000000000000
000000000000000000000000
start_draw_0:
000000000000000000000000
000000000000000000000000
000000000000000000000000
000000000000000000000000
000000000000000000000000
000000000000000000000000
000001111100000000000000
000011111100000000000000
000111111100000000000000
000111001110000000000000
000111001110000000000000
000111001110000000000000
000111000110000000000000
000000000110000000000000
000000000110000000000000
000000000110000000000000
000000000110000000000000
000000000110000000000000
000000001110000000000000
000000001110000000000000
000000011110000000000000
000000011100000000000000
000000111111110000000000
000011111111110000000000
000011111111100000000000
000011110000000000000000
000000000000000000000000
000000000000000000000000
000000000000000000000000
000000000000000000000000
000000000000000000000000
000000000000000000000000
000000000000000000000000
000000000000000000000000
000000000000000000000000
000000000000000000000000
start_draw_0:
000000000000000000000000
000000000000000000000000
000000000000000000000000
000000000000000000000000
000000000000000000000000
000000000000000000000000
000000000000000000000000
000000000000000000000000
000000000000000000000000
000000000000000000000000
000000000000000000000000
000000000000000000000000
000000000000000000000000
000000000000000000000000
000000000000000000000000
000000000000000000000000
000000000000000000000000
000000000000000000000000
000000011110000000000000
000001111111100000000000
000001111111100000000000
000001110001110000000000
000001100001111000000000
000001100000111000000000
000001100000111000000000
000001100000011100000000
000000000000011100000000
000000000000011100000000
000000000000001100000000
000000000000001100000000
000000000000001100001111
000000001111111111111111
000000001111111111111100
000000001111111000000000
000000000111110000000000
000000000000000000000000
start_draw_0:
000000000000000000000000
000000000000000000000000
000000000000000000000000
000000000000000000000000
000000001110000000000000
000000001111100000000000
000000001111100000000000
000000000011100000000000
000000000001110000000000
000000000001110000000000
000000000001110000000000
000000000001100000000000
000000000011100000000000
000000000111100000000000
000000000111100000000000
000000001111000000000000
000000111110000000000000
000001111100000000000000
000111111000000000000000
001111100000000000000000
001111111110000000000000
000011111111111100000000
000000001111111100000000
000000000000000000000000
000000000000000000000000
000000000000000000000000
000000000000000000000000
000000000000000000000000
000000000000000000000000
000000000000000000000000
000000000000000000000000
000000000000000000000000
000000000000000000000000
000000000000000000000000
000000000000000000000000
000000000000000000000000
start_draw_0:
000000000000000000000000
000000001111110000000000
000001111111111000000000
000011111101111000000000
000011110000111000000000
000011100000011000000000
000011000000011000000000
000000000000011100000000
000000000000011100000000
000000000000011100000000
000000000000011100000000
000000000000011100000000
000000000000011000000000
000000000000011000000000
000000000000011000000000
000000000000111000000000
000000000000111000000000
000000000000111000000000
000000000001110000000000
000000000001110000000000
000000000011100000000000
000000000011100000000000
000000000011100000000000
000000000111000000000000
000000000111000000000000
000000001110000000000000
000000001110000000000000
000000011100001111000000
000011111111111111000000
000111111111111110000000
000111110000000000000000
000000000000000000000000
000000000000000000000000
000000000000000000000000
000000000000000000000000
000000000000000000000000
start_draw_0:
000000000000000000000000
000000001100000000000000
000111111111110000000000
001111111111111000000000
001110000000111100000000
000000000000011110000000
000000000000001110000000
000000000000001110000000
000000000000000111000000
000000000000000111000000
000000000000000111000000
000000000000000111000000
000000000000000110000000
000000000000000110000000
000000000000001110000000
000000000000001110000000
000000000000011100000000
000000000000111100000000
000000000001111000000000
000000000011110000000000
000000001111110000000000
000000111111000000000000
000011111100000000000000
001111110000000000000000
111111000000000000000000
111100000000000000000000
111111100000000000000000
111111111100000000000000
000011111111110000000000
000000011111111110000000
000000000001111111111000
000000000000001111111100
000000000000000000111100
000000000000000000000000
000000000000000000000000
000000000000000000000000
start_draw_0:
000000000000000000000000
000000000000000000000000
000011111110000000000000
001111111111100000000000
001111100111110000000000
001110000001110000000000
001100000001111000000000
000000000000111000000000
000000000000111000000000
000000000000111000000000
000000000000111000000000
000000000000110000000000
000000000001110000000000
000000000011110000000000
000000000111100000000000
000000001111000000000000
000000111110000000000000
000011111100000000000000
001111111000000000000000
001111111111110000000000
001111111111111111110000
000000000011111111110000
000000000000000000000000
000000000000000000000000
000000000000000000000000
000000000000000000000000
000000000000000000000000
000000000000000000000000
000000000000000000000000
000000000000000000000000
000000000000000000000000
000000000000000000000000
000000000000000000000000
000000000000000000000000
000000000000000000000000
000000000000000000000000
start_draw_0:
000000000000000000000000
000000000000000000000000
000000000000000000000000
000000001111111110000000
000000001111111111000000
000000001100001111100000
000000000000000011100000
000000000000000011100000
000000000000000011100000
000000000000000011100000
000000000000000111000000
000000000000001111000000
000000000000011110000000
000000000000111100000000
000000000011111000000000
000000001111110000000000
000000111111100000000000
000001111110000000000000
000001111100000000000000
000001111111100000000000
000000011111111100000000
000000000011111111110000
000000000000011111111111
000000000000000000111111
000000000000000000000000
000000000000000000000000
000000000000000000000000
000000000000000000000000
000000000000000000000000
000000000000000000000000
000000000000000000000000
000000000000000000000000
000000000000000000000000
000000000000000000000000
000000000000000000000000
000000000000000000000000
start_draw_0:
000000000000000000000000
000000000000000000000000
000000000000000000000000
000000000000000000000000
000000000000000000000000
000000000000000000000000
000000000000000000000000
000000000000000000000000
000000000000000000000000
000000000000000000000000
000000000000000000000000
000000000000000000000000
000000000000000000000000
000000000011111000000000
000000111111111100000000
000011111111111100000000
001111111000011100000000
011111100000001100000000
111110000000001100000000
111000000000011100000000
110000000000011100000000
000000000000111100000000
000000000001111000000000
000000000001110000000000
000000000011110000000000
000000000011100000000000
000000000111000000000000
000000011111000000000000
000000111110000000000000
000001111100000000000000
000111110000000000000000
111111111111111111110000
111111111111111111110000
111110000000000000000000
000000000000000000000000
000000000000000000000000
start_draw_0:
000000000000000000000000
000000000000000000000000
000000000000000000000000
000000000000000000000000
000000000000000000000000
001111111110000000000000
001111111111111000000000
000000001111111110000000
000000000000011110000000
000000000000001110000000
000000000000001110000000
000000000000001110000000
000000000000011110000000
000000000000111100000000
000000000000111000000000
000000000001111000000000
000000000011110000000000
000000000111100000000000
000000001111000000000000
000000011110000000000000
000000111110000000000000
000001111100000000000000
000111110000000000000000
001111100000000000000000
011111111000000000000000
011111111111111100000000
000000111111111111111110
000000000000011111111110
000000000000000000001110
000000000000000000000000
000000000000000000000000
000000000000000000000000
000000000000000000000000
000000000000000000000000
000000000000000000000000
000000000000000000000000
start_draw_0:
000000000000000000000000
000000000000000000000000
000000000000000000000000
000000000000000000000000
000000000000000000000000
000000000000000000000000
000000000000000000000000
000000000000000000000000
000000000000000000000000
000000000000000000000000
000000000000000000000000
000000000000000000000000
000000000000000000000000
000000000000000000000000
000000000000000000000000
000000000000000000000000
000000000000000000000000
000000000001111110000000
000000000111111111000000
000000001111100111000000
000000001110000011000000
000000001110000011000000
000000001100000011000000
000000001100000011000000
000000000000000111000000
000000000000000111000000
000000000000000110000000
000000000000001110000000
000000000000011110000000
000000000000111100000000
000000000000111100000000
000000000011111000000000
000000001111111111111111
000000001111111111111111
000000000000000000000111
000000000000000000000000
start_draw_0:
000000000000000000000000
000000000000000000000000
000000011111000000000000
000001111111110000000000
000011111111110000000000
000111100001110000000000
001111000000111000000000
001110000000111000000000
011100000000111000000000
011100000000111000000000
000000000000111000000000
000000000001110000000000
000000000011110000000000
000000000111100000000000
000000011111000000000000
000000111110000000000000
000001111100000000000000
000111110000000000000000
001111100000000000000000
011111111111111111111100
011111111111111111111100
011110000000000000000000
000000000000000000000000
000000000000000000000000
000000000000000000000000
000000000000000000000000
000000000000000000000000
000000000000000000000000
000000000000000000000000
000000000000000000000000
000000000000000000000000
000000000000000000000000
000000000000000000000000
000000000000000000000000
000000000000000000000000
000000000000000000000000
start_draw_0:
000000000000000000000000
000000000000000000000000
000000000000000000000000
000000000000000000000000
000000000000000000000000
000000000000000000000000
000000000000000000000000
000000000000000000000000
000000000000000000000000
000000000000000000000000
000000000000000000000000
000000000000000000000000
000000000000000000000000
000000000000000000000000
000000000000000000000000
000000000000000000000000
000000111100000000000000
000111111110000000000000
001111111110000000000000
001110000110000000000000
000000000110000000000000
000000001110000000000000
000000001110000000000000
000000011100000000000000
000000011100000000000000
000000111000000000000000
000001111000000000000000
000011110000000000000000
000111100000000000000000
011111000000001110000000
011111111111111110000000
011111111111111110000000
000000000000000000000000
000000000000000000000000
000000000000000000000000
000000000000000000000000
start_draw_0:
000000000000000000000000
000000000111111000000000
000000000111111100000000
000000000111011110000000
000000000000001110000000
000000000000000110000000
000000000000000110000000
000000000000000110000000
000000000000000110000000
000000000000000110000000
000000000000001110000000
000000000000001110000000
000000000000011100000000
000000000000111100000000
000000000001111000000000
000000000111110000000000
000000001111100000000000
000000011111000000000000
000000111110000000000000
000001111000000000000000
000001111110000000000000
000001111111111100000000
000000001111111111110000
000000000000011111110000
000000000000000001110000
000000000000000000000000
000000000000000000000000
000000000000000000000000
000000000000000000000000
000000000000000000000000
000000000000000000000000
000000000000000000000000
000000000000000000000000
000000000000000000000000
000000000000000000000000
000000000000000000000000
start_draw_0:
000000000000000000000000
000000000000000000000000
000000000000000000000000
000000011111110000000000
000001111111110000000000
000011111101111000000000
000111100000111000000000
001111000000111000000000
001110000000011000000000
000000000000011000000000
000000000000011000000000
000000000000011000000000
000000000000011000000000
000000000000111000000000
000000000000111000000000
000000000001111000000000
000000000001110000000000
000000000001110000000000
000000000011100000000000
000000000011100000000000
000000000111000000000000
000000001111000000000000
000000001110000000000000
000000011100000000000000
000000111100000000000000
000001111000000000000000
000001110000000000000000
000011110000000000000000
000111100000000000000000
001111000000000000000000
001111111111111100000000
001111111111111111100000
000000000000011111100000
000000000000000000000000
000000000000000000000000
000000000000000000000000
start_draw_0:
000000000000000000000000
000000000000000000000000
000000000000000000000000
000000000011111110000000
000000001111111111110000
000000011111101111110000
000000011100000001110000
000000000000000000110000
000000000000000001110000
000000000000000111110000
000000000000001111100000
000000000000011111000000
000000000001111110000000
000000000111111000000000
000000111111100000000000
000111111111000000000000
111111111000000000000000
111111000000000000000000
111110000000000000000000
001111000000000000000000
000111100000000000000000
000011100000000000000000
000011110000000000000000
000001111000000000000000
000000111000000000000000
000000111100000000000000
000000011100000000000000
000000011110000000000000
000000001110000000000000
000000000111000000000000
000000000111100000000000
000000000011100000000000
000000000001110000000000
000000000001110000000000
000000000000000000000000
000000000000000000000000
start_draw_0:
000000000000000000000000
000000000000000000000000
000000000000000000000000
000000000000000000000000
000000000000000000000000
000000000000000000000000
000000000000000000000000
000000111111110000000000
000111111111111000000000
001111111001111100000000
011111000000011100000000
011100000000011100000000
000000000000011100000000
000000000000011100000000
000000000000011000000000
000000000000111000000000
000000000001111000000000
000000000011110000000000
000000000011100000000000
000000001111100000000000
000000011111000000000000
000000111110000000000000
000011111100000000000000
000111111111111111111111
001111111111111111111111
001111111111111111110000
000000000000000000000000
000000000000000000000000
000000000000000000000000
000000000000000000000000
000000000000000000000000
000000000000000000000000
000000000000000000000000
000000000000000000000000
000000000000000000000000
000000000000000000000000
start_draw_0:
000111111111100000000000
001111111111110000000000
001111000011111000000000
001110000000111100000000
000000000000011100000000
000000000000011100000000
000000000000001110000000
000000000000001110000000
000000000000001110000000
000000000000000110000000
000000000000000110000000
000000000000000110000000
000000000000001110000000
000000000000001110000000
000000000000011110000000
000000000000111100000000
000000000001111000000000
000000000111110000000000
000000001111100000000000
000000111110000000000000
000011111100000000000000
000011110000000000000000
000011111110000000000000
000001111111111000000000
000000001111111110000000
000000000000111111100000
000000000000000111110000
000000000000000001110000
000000000000000000110000
000000000000000000000000
000000000000000000000000
000000000000000000000000
000000000000000000000000
000000000000000000000000
000000000000000000000000
000000000000000000000000
start_draw_0:
000000000000000000000000
000000000000000000000000
000000000000000000000000
000000000000000000000000
000000000000000000000000
000000000000000000000000
000000000000000000000000
000000000000000000000000
000000000000000000000000
000000000000000000000000
000000111111111000000000
000011111111111100000000
001111110000011110000000
001111000000001110000000
011110000000001110000000
011100000000000110000000
011000000000000110000000
000000000000000110000000
000000000000001110000000
000000000000001110000000
000000000000011110000000
000000000000111100000000
000000000001111000000000
000000000011110000000000
000000000111110000000000
000000011111100000000000
000001111110000000000000
000001111111111100000000
000001111111111111111110
000000000000011111111111
000000000000000000001111
000000000000000000000000
000000000000000000000000
000000000000000000000000
000000000000000000000000
000000000000000000000000
start_draw_0:
000000000000000000000000
000000000011111000000000
000000111111111110000000
000001111111111110000000
000011111000001110000000
000111100000000111000000
000111000000000111000000
000110000000000111000000
000000000000000110000000
000000000000000110000000
000000000000001110000000
000000000000001110000000
000000000000011110000000
000000000000111100000000
000000000011111000000000
000000000111110000000000
000000011111100000000000
000000111111111111111111
000000111111111111111111
000000111000000000000000
000000000000000000000000
000000000000000000000000
000000000000000000000000
000000000000000000000000
000000000000000000000000
000000000000000000000000
000000000000000000000000
000000000000000000000000
000000000000000000000000
000000000000000000000000
000000000000000000000000
000000000000000000000000
000000000000000000000000
000000000000000000000000
000000000000000000000000
000000000000000000000000
start_draw_0:
000000000000000000000000
000000000000000000000000
000000000000000000000000
000000111100000000000000
000011111111000000000000
000011111111000000000000
000011100011000000000000
000000000011100000000000
000000000011100000000000
000000000011100000000000
000000000011100000000000
000000000011100000000000
000000000011100000000000
000000000011000000000000
000000000111000000000000
000000001111000000000000
000000001110000000000000
000000011110000000000000
000000111100000000000000
000001111000000000000000
000001111000000000000000
000011110000000000000000
001111100000000000000000
011111000000000000000000
011110000000000000000000
111111100000000000000000
111111111111111000000000
000111111111111111000000
000000000001111111000000
000000000000000000000000
000000000000000000000000
000000000000000000000000
000000000000000000000000
000000000000000000000000
000000000000000000000000
000000000000000000000000
start_draw_0:
000000000000000000000000
000000000000000000000000
000000000000000000000000
000000000000000000000000
000000000000000000000000
000000011100000000000000
000111111111000000000000
000111111111100000000000
000111000011110000000000
000110000001110000000000
000000000001110000000000
000000000000111000000000
000000000000111000000000
000000000000111000000000
000000000000111000000000
000000000000111000000000
000000000001110000000000
000000000011110000000000
000000000111100000000000
000000001111100000000000
000000011111000000000000
000000111110000000000000
000011111100000000000000
000111110000000000000000
011111100000000000000000
011111111111100000000000
000111111111111111111000
000000000011111111111000
000000000000000001111000
000000000000000000000000
000000000000000000000000
000000000000000000000000
000000000000000000000000
000000000000000000000000
000000000000000000000000
000000000000000000000000
start_draw_0:
000000000000000000000000
000000000000000000000000
000000000000000000000000
000000000000000000000000
000011111000000000000000
001111111110000000000000
011111111110000000000000
011110000111000000000000
011000000111000000000000
011000000111000000000000
000000000111000000000000
000000001111000000000000
000000001110000000000000
000000011110000000000000
000000111100000000000000
000001111000000000000000
000111110000000000000000
011111100000000000000000
111111000000000000000000
111111111000000000000000
111111111111110000000000
000000111111110000000000
000000000000000000000000
000000000000000000000000
000000000000000000000000
000000000000000000000000
000000000000000000000000
000000000000000000000000
000000000000000000000000
000000000000000000000000
000000000000000000000000
000000000000000000000000
000000000000000000000000
000000000000000000000000
000000000000000000000000
000000000000000000000000
start_draw_0:
000000000000000000000000
000000000000000000000000
000000000000111100000000
000000000011111111000000
000000000011111111100000
000000000000000011100000
000000000000000011100000
000000000000000011100000
000000000000000011100000
000000000000000111000000
000000000000001111000000
000000000000011110000000
000000000001111100000000
000000000011111000000000
000000000111111111111000
000000000111111111111000
000000000000000000000000
000000000000000000000000
000000000000000000000000
000000000000000000000000
000000000000000000000000
000000000000000000000000
000000000000000000000000
000000000000000000000000
000000000000000000000000
000000000000000000000000
000000000000000000000000
000000000000000000000000
000000000000000000000000
000000000000000000000000
000000000000000000000000
000000000000000000000000
000000000000000000000000
000000000000000000000000
000000000000000000000000
000000000000000000000000
start_draw_0:
000000000000000000000000
000000000000000000000000
001111111000000000000000
111111111100000000000000
111110011100000000000000
110000001100000000000000
000000001100000000000000
000000001100000000000000
000000011100000000000000
000000011100000000000000
000000111100000000000000
000001111000000000000000
000001110000000000000000
000011110000000000000000
000011111111111000000000
000011111111111000000000
000000000000000000000000
000000000000000000000000
000000000000000000000000
000000000000000000000000
000000000000000000000000
000000000000000000000000
000000000000000000000000
000000000000000000000000
000000000000000000000000
000000000000000000000000
000000000000000000000000
000000000000000000000000
000000000000000000000000
000000000000000000000000
000000000000000000000000
000000000000000000000000
000000000000000000000000
000000000000000000000000
000000000000000000000000
000000000000000000000000
start_draw_0:
000000000000000000000000
000000000000000000000000
000000000000000000000000
000000000000000000000000
000000000000000000000000
000000000000000000000000
000000000000000000000000
000000000000000000000000
000000000000000000000000
000000000000000000000000
000000000000000000000000
000000000000000000000000
000000000000000000000000
000000000000000000000000
000000000000000000000000
000000000000000000000000
000000000000000000000000
000000000000000000000000
000000000000000000000000
000000000000000000000000
000000000000000000000000
000000000000000000000000
000000000111100000000000
000000011111110000000000
000000111111110000000000
000001111001111000000000
000011110000111000000000
000011100000111000000000
000011000000011000000000
000000000000111000000000
000000000000111000000000
000000000001110000000000
000000000111110000000000
000000011111111111000000
000000011111111111000000
000000000000000000000000
start_draw_0:
000000000000000000000000
000000000000000000000000
000000000000000000000000
000000000000000000000000
000000000000000000000000
000000000000000000000000
000000000000000000000000
000000000000000000000000
000000000000000000000000
000000000000000000000000
000000000000000000000000
000000000000000000000000
000000000000000000000000
000000000000000000000000
000000000000000000000000
000000000000000000000000
000000000000000000000000
000000000000000000000000
000000000000000000000000
000000000000000000000000
000000000000000000000000
000000000000000000000000
000000000000001111100000
000000000000011111110000
000000000000111111111000
000000000001111000111000
000000000001110000111000
000000000011100000111000
000000000011100000111000
000000000011100000111000
000000000000000001110000
000000000000000011110000
000000000000001111100000
000000000000011111111000
000000000000011111111000
000000000000000000000000
start_draw_0:
000000000000000000000000
000000000000000000000000
000000000000000000000000
001111111100000000000000
011111111110000000000000
011100011110000000000000
000000000111000000000000
000000000111000000000000
000000000011000000000000
000000000011000000000000
000000000011000000000000
000000000011000000000000
000000000111000000000000
000000001111000000000000
000000001110000000000000
000000011110000000000000
000000111100000000000000
000001111100000000000000
000011111000000000000000
000111110000000000000000
000111100000000000000000
000111111111100000000000
000011111111111111000000
000000000111111111000000
000000000000000000000000
000000000000000000000000
000000000000000000000000
000000000000000000000000
000000000000000000000000
000000000000000000000000
000000000000000000000000
000000000000000000000000
000000000000000000000000
000000000000000000000000
000000000000000000000000
000000000000000000000000
start_draw_0:
000000000000000000000000
000000000000000000000000
000000000000000000000000
000000000000000000000000
000000000000011111100000
000000000001111111110000
000000000011111001110000
000000000111100000110000
000000000111000000110000
000000000000000000110000
000000000000000000110000
000000000000000001110000
000000000000000011110000
000000000000000111100000
000000000000011111000000
000000000000111111000000
000000000011111100000000
000000001111110000000000
000000001111111000000000
000000001111111111100000
000000000000111111110000
000000000000000011110000
000000000000000000000000
000000000000000000000000
000000000000000000000000
000000000000000000000000
000000000000000000000000
000000000000000000000000
000000000000000000000000
000000000000000000000000
000000000000000000000000
000000000000000000000000
000000000000000000000000
000000000000000000000000
000000000000000000000000
000000000000000000000000
start_draw_0:
000000000000000000000000
000000000000000000000000
000000000000000000000000
000000000000000000000000
000000000000000000000000
000000000000000000000000
000000000000000000000000
000000000000000000000000
000000000000000000000000
000000000000000000000000
000000000000000000000000
000000000000000000000000
000000000000000000000000
000000000000000000000000
000000000000000000000000
000000000000000000000000
000000000000000000000000
000000000000000000000000
000000000000000000000000
000000000000000000000000
000011111100000000000000
011111111110000000000000
111111111110000000000000
111100000110000000000000
000000001110000000000000
000000001110000000000000
000000011100000000000000
000000011100000000000000
000000111100000000000000
000001111000000000000000
000011110000000000000000
000111100000000000000000
000111111111111000000000
000011111111111000000000
000000000000000000000000
000000000000000000000000
start_draw_0:
000000000000000000000000
000000000000000000000000
111111110000000000000000
111111111000000000000000
111001111000000000000000
000000011100000000000000
000000011100000000000000
000000001100000000000000
000000001100000000000000
000000001100000000000000
000000001100000000000000
000000011100000000000000
000000011100000000000000
000000011100000000000000
000000111000000000000000
000001111000000000000000
000001110000000000000000
000011110000000000000000
000111100000000000000000
001111000000000000000000
001111111110000000000000
001111111111111111000000
000000001111111111000000
000000000000000111000000
000000000000000000000000
000000000000000000000000
000000000000000000000000
000000000000000000000000
000000000000000000000000
000000000000000000000000
000000000000000000000000
000000000000000000000000
000000000000000000000000
000000000000000000000000
000000000000000000000000
000000000000000000000000
start_draw_0:
000000000000000000000000
000000000000000000000000
000000000000000000000000
000000000001111000000000
000000000011111111000000
000000000011111111100000
000000000011000111110000
000000000000000001110000
000000000000000001110000
000000000000000000110000
000000000000000000110000
000000000000000001110000
000000000000000011110000
000000000000000111100000
000000000000001111000000
000000000000011110000000
000000000001111100000000
000000000011111000000000
000000000111110000000000
000000001111000000000000
000000001111100000000000
000000001111111110000000
000000000011111111111000
000000000000001111111000
000000000000000000000000
000000000000000000000000
000000000000000000000000
000000000000000000000000
000000000000000000000000
000000000000000000000000
000000000000000000000000
000000000000000000000000
000000000000000000000000
000000000000000000000000
000000000000000000000000
000000000000000000000000
start_draw_0:
000000000000000000000000
000000000000000000000000
000000000000000000000000
000000000000000000000000
000000000000000000000000
000000000000000000000000
000000000000000000000000
000000000000000000000000
000000000000000000000000
000000000000000000000000
000000000000000000000000
000000000000000000000000
000000000000000000000000
000000000000000000000000
000000000000000000000000
000000000000000000000000
000000000000000000000000
000000000000000000000000
000111111110000000000000
000111111111100000000000
000000000111100000000000
000000000001110000000000
000000000001110000000000
000000000001110000000000
000000000001110000000000
000000000011110000000000
000000000011100000000000
000000000111100000000000
000000011111000000000000
000000111110000000000000
000001111111110000000000
000001111111110000000000
000000000000000000000000
000000000000000000000000
000000000000000000000000
000000000000000000000000
start_draw_0:
000000000000000000000000
000000000000000000000000
011111000000000000000000
111111100000000000000000
111111110000000000000000
000001111000000000000000
000000111100000000000000
000000011100000000000000
000000011100000000000000
000000011100000000000000
000000011000000000000000
000000111000000000000000
000001111000000000000000
000001110000000000000000
000011110000000000000000
000111100000000000000000
001111000000000000000000
011110000000000000000000
011111000000000000000000
011111111110000000000000
000111111111111110000000
000000011111111110000000
000000000000000000000000
000000000000000000000000
000000000000000000000000
000000000000000000000000
000000000000000000000000
000000000000000000000000
000000000000000000000000
000000000000000000000000
000000000000000000000000
000000000000000000000000
000000000000000000000000
000000000000000000000000
000000000000000000000000
000000000000000000000000
start_draw_0:
000000000000000000000000
000000000000000000000000
000000000000000000000000
000000000000000000000000
000000000000000000000000
000000000000000000000000
000000000000000000000000
000000000000000000000000
000000000000000000000000
000000000000000000000000
000000000000000000000000
000000000000000000000000
000000000000000000000000
000000000000000000000000
000000000000000000000000
000000000000000000000000
000000000000000000000000
000000000000011111110000
000000000000111111111000
000000000000111101111000
000000000001111000111100
000000000001110000011100
000000000001100000011100
000000000000000000001100
000000000000000000011100
000000000000000000011100
000000000000000000111100
000000000000000011111000
000000000000000111110000
000000000000001111100000
000000000000001110000000
000000000000001111111000
000000000000000111111111
000000000000000000111111
000000000000000000000000
000000000000000000000000
start_draw_0:
000000000000000000000000
000000000000000000000000
000000000000000000000000
000000000000000000000000
111111111100000000000000
111111111110000000000000
000000001110000000000000
000000000110000000000000
000000000110000000000000
000000000110000000000000
000000001110000000000000
000000011110000000000000
000000111100000000000000
000000111000000000000000
000001111000000000000000
000111110000000000000000
001111100000000000000000
011111000000000000000000
111110000000000000000000
111100000000000000000000
110000000000000000000000
111100000000000000000000
111111100000000000000000
011111111110000000000000
000011111111111110000000
000000001111111110000000
000000000000011110000000
000000000000000000000000
000000000000000000000000
000000000000000000000000
000000000000000000000000
000000000000000000000000
000000000000000000000000
000000000000000000000000
000000000000000000000000
000000000000000000000000
start_draw_0:
000000000000000000000000
000000000000000000000000
000000000000000000000000
000000000000000000000000
000111111000000000000000
000111111100000000000000
000000011100000000000000
000000001100000000000000
000000001100000000000000
000000001100000000000000
000000011100000000000000
000000111100000000000000
000000111000000000000000
000001111000000000000000
000011110000000000000000
000111100000000000000000
000111100000000000000000
001111000000000000000000
011111110000000000000000
011111111111000000000000
000001111111000000000000
000000000011000000000000
000000000000000000000000
000000000000000000000000
000000000000000000000000
000000000000000000000000
000000000000000000000000
000000000000000000000000
000000000000000000000000
000000000000000000000000
000000000000000000000000
000000000000000000000000
000000000000000000000000
000000000000000000000000
000000000000000000000000
000000000000000000000000
start_draw_0:
000000000000000000000000
000000000000000000000000
000000000000000000000000
000000011111111000000000
000000011111111100000000
000000011100011100000000
000000000000011100000000
000000000000001100000000
000000000000001100000000
000000000000001100000000
000000000000001100000000
000000000000011100000000
000000000000011100000000
000000000000111100000000
000000000000111000000000
000000000001111000000000
000000000011110000000000
000000000111100000000000
000000000111111111111000
000000000111111111111110
000000000000000001111110
000000000000000000000000
000000000000000000000000
000000000000000000000000
000000000000000000000000
000000000000000000000000
000000000000000000000000
000000000000000000000000
000000000000000000000000
000000000000000000000000
000000000000000000000000
000000000000000000000000
000000000000000000000000
000000000000000000000000
000000000000000000000000
000000000000000000000000
start_draw_0:
000000000000000000000000
000000000000000000000000
000000000000000000000000
000000000000000000000000
000000000000000000000000
000000000000000000000000
000000000000000000000000
000000000000000000000000
000000000000000000000000
000000000000000000000000
000000000000000000000000
000000000000000000000000
000000000000000000000000
000000000000000000000000
000000000000000000000000
000000000000000000000000
000000000000000000000000
000000000000000000000000
001111111100000000000000
001111111110000000000000
000000011111000000000000
000000000111000000000000
000000000111000000000000
000000000011000000000000
000000000011000000000000
000000000111000000000000
000000001111000000000000
000000011110000000000000
000000111110000000000000
000000111111100000000000
000000111111111111000000
000000000011111111100000
000000000000000111100000
000000000000000000000000
000000000000000000000000
000000000000000000000000
start_draw_0:
000000000000000000000000
000000000000000000000000
001111110000000000000000
001111111000000000000000
000000111100000000000000
000000011100000000000000
000000001100000000000000
000000001100000000000000
000000011100000000000000
000000011100000000000000
000000111000000000000000
000000111000000000000000
000001111000000000000000
000001110000000000000000
000011100000000000000000
000111100000000000000000
001111000000000000000000
001111000000000000000000
001111111111000000000000
000111111111111111000000
000000000111111111000000
000000000000000111000000
000000000000000000000000
000000000000000000000000
000000000000000000000000
000000000000000000000000
000000000000000000000000
000000000000000000000000
000000000000000000000000
000000000000000000000000
000000000000000000000000
000000000000000000000000
000000000000000000000000
000000000000000000000000
000000000000000000000000
000000000000000000000000
start_draw_0:
000000000000000000000000
000000000000000000000000
000000000000000000000000
000000000000000000000000
000000000000000000000000
000000000000000000000000
000000000000000000000000
000000000000000000000000
000000000000000000000000
000000000000000000000000
000000000000000000000000
000000000000000000000000
000000000000000000000000
000000000000000000000000
000000000000000000000000
000000000000000000000000
000000000000000000000000
000000000000000000000000
000000000000000000000000
000000000000000000000000
000000111111110000000000
000000111111111100000000
000000000000111110000000
000000000000001110000000
000000000000000110000000
000000000000000110000000
000000000000000110000000
000000000000001110000000
000000000000001110000000
000000000000011110000000
000000000000111100000000
000000000000111100000000
000000000000111111111110
000000000000111111111110
000000000000000000000000
000000000000000000000000
start_draw_0:
000000000000000000000000
001111110000000000000000
001111110000000000000000
001101111000000000000000
000000111000000000000000
000000011100000000000000
000000011100000000000000
000000011100000000000000
000000001100000000000000
000000001100000000000000
000000001100000000000000
000000001100000000000000
000000001100000000000000
000000001100000000000000
000000001100000000000000
000000011100000000000000
000000111100000000000000
000000111000000000000000
000001111000000000000000
000011110000000000000000
000111111111110000000000
000111111111110000000000
000000000000000000000000
000000000000000000000000
000000000000000000000000
000000000000000000000000
000000000000000000000000
000000000000000000000000
000000000000000000000000
000000000000000000000000
000000000000000000000000
000000000000000000000000
000000000000000000000000
000000000000000000000000
000000000000000000000000
000000000000000000000000
start_draw_0:
000000000000000000000000
000000000000000000000000
000000000000000000000000
000000000000000000000000
000000000000000000000000
000000000000011111111100
000000000000011111111100
000000000000011100011100
000000000000000000011100
000000000000000000111100
000000000000000000111000
000000000000000001111000
000000000000000011110000
000000000000000111100000
000000000000001111000000
000000000000111110000000
000000000001111110000000
000000000001111111111000
000000000000001111111000
000000000000000000011000
000000000000000000000000
000000000000000000000000
000000000000000000000000
000000000000000000000000
000000000000000000000000
000000000000000000000000
000000000000000000000000
000000000000000000000000
000000000000000000000000
000000000000000000000000
000000000000000000000000
000000000000000000000000
000000000000000000000000
000000000000000000000000
000000000000000000000000
000000000000000000000000
start_draw_0:
000000000000000000000000
000000000000000000000000
000000000000000000000000
000000000000000000000000
000000000000000000000000
000000000000000000000000
000000000000000000000000
000000000000000000000000
000000000000000000000000
000000000000000000000000
000000000000000000000000
000000000000000000000000
000000000000000000000000
000000000000000000000000
000000000000000000000000
000000000000000000000000
000000000000000000000000
000000000000000000000000
000000000000000000000000
000000111111000000000000
000001111111100000000000
000001111011100000000000
000011110011100000000000
000011100011100000000000
000000000011100000000000
000000000011100000000000
000000000111000000000000
000000001111000000000000
000000011110000000000000
000000011110000000000000
000000111111111111000000
000000111111111111000000
000000000000000000000000
000000000000000000000000
000000000000000000000000
000000000000000000000000
start_draw_0:
000000000000000000000000
000000000000000000000000
000000000000000000000000
000000000000000000000000
000000000000000000000000
000000000000000000000000
000000011111110000000000
000001111111111000000000
000001111001111000000000
000011110000111100000000
000011100000011100000000
000011000000011100000000
000011000000001110000000
000000000000001110000000
000000000000000110000000
000000000000000110000000
000000000000001110000000
000000000000001110000000
000000000000001110000000
000000110000011110000000
000111111100011100000000
000111111100111000000000
000111011111111000000000
000111001111110000000000
000111111111100000000000
000111111111110000000000
000000000011111100000000
000000000000111111110000
000000000000011111110000
000000000000000000110000
000000000000000000000000
000000000000000000000000
000000000000000000000000
000000000000000000000000
000000000000000000000000
000000000000000000000000
start_draw_0:
000000000000000000000000
000000000000000000000000
000000000000000000000000
000000000000000000000000
000000111110000000000000
000011111111000000000000
000011111111100000000000
000111100011110000000000
000111000001111000000000
000111000000111000000000
000000000000111000000000
000000000000011000000000
000000000000011000000000
000000000000011000000000
000000000000011000000000
000000000000011000000000
000000000000111000000000
000000000000111000000000
000000000000111000000000
000000000001110000000000
000000000001110000000000
000000000001110000000000
000000000011100000000000
000000000011100000000000
000111000111000000000000
001111111111000000000000
001111111110000000000000
001100111111000000000000
001111111111100000000000
001111111111111000000000
000000000001111111000001
000000000000011111111111
000000000000000011111111
000000000000000000000000
000000000000000000000000
000000000000000000000000
start_draw_0:
000000000000000000000000
000001111111110000000000
000001111111111000000000
000011110001111100000000
000011100000011110000000
000011100000011110000000
000011100000001111000000
000000000000000111000000
000000000000000111000000
000000000000000011000000
000000000000000011100000
000000000000000011100000
000000000000000011100000
000000000000000001100000
000000000000000001100000
000000000000000001100000
000000000000000001100000
000000000000000001100000
000000000000000001100000
000000000000000001100000
000000000000000001100000
000000000000000011100000
000000000000000011100000
000001111000000011100000
000011111100000111000000
000011111111000111000000
000011001111101111000000
000011000111111110000000
000011100001111100000000
000011111111111111111000
000011111111111111111000
000000000000000000000000
000000000000000000000000
000000000000000000000000
000000000000000000000000
000000000000000000000000
start_draw_0:
000000000000000000000000
000000000000000000000000
000000000000000000000000
000000000001111100000000
000000000011111110000000
000000000011111111000000
000000000011000111000000
000000000011000111000000
000000000000000011000000
000000000000000011000000
000000000000000011000000
000000000000000011000000
000000000000000011000000
000000000000000111000000
000000000000001111000000
000000000000001110000000
000000000000111110000000
000000000001111100000000
000111111111111000000000
001111111111100000000000
001111111111100000000000
001111110011110000000000
000000000001111100000000
000000000000111111100000
000000000000011111100000
000000000000000011100000
000000000000000000000000
000000000000000000000000
000000000000000000000000
000000000000000000000000
000000000000000000000000
000000000000000000000000
000000000000000000000000
000000000000000000000000
000000000000000000000000
000000000000000000000000
start_draw_0:
000000000000000000000000
000000000000000000000000
000000000000000000000000
000000011000000000000000
000011111111000000000000
000111111111100000000000
000111000111110000000000
000111000001111000000000
000111000000111100000000
000011000000011100000000
000000000000011110000000
000000000000001110000000
000000000000001110000000
000000000000000110000000
000000000000000111000000
000000000000000111000000
000000000000000111000000
000000000000000111000000
000000000000000111000000
000000000000000111000000
000000000000001110000000
000000000011111110000000
000000000111111111000000
000000000111111111110000
000000000111111111111110
000000000111111001111110
000000000111100000000000
000000000000000000000000
000000000000000000000000
000000000000000000000000
000000000000000000000000
000000000000000000000000
000000000000000000000000
000000000000000000000000
000000000000000000000000
000000000000000000000000
start_draw_0:
000000000000000000000000
000000000000000000000000
000000000000000000000000
000000000000000000000000
000000000000000000000000
000000000000000000000000
000000000000000000000000
000000000000000000000000
000000000000000000000000
000000000000000000000000
000000000000000000000000
000000000000000000000000
000000000000000000000000
000000000011111100000000
000000011111111110000000
000001111111111111000000
000001111000000111000000
000011100000000011100000
000011100000000011100000
000011100000000001100000
000001100000000001110000
000000000000000001110000
000000000000000001110000
000000000000000000110000
000000000000000000110000
000000000000000000110000
000000000000000000110000
000000000000000000110000
000000011111110000110000
000000011111111000110000
000000011101111111110000
000000011111111111111111
000000001111111111111111
000000000000000000000111
000000000000000000000000
000000000000000000000000
start_draw_0:
000000000000000000000000
000000000000000000000000
000000000000000000000000
000000000000000000000000
000111111111000000000000
001111111111100000000000
001110000111111000000000
001100000001111100000000
000000000000111100000000
000000000000001110000000
000000000000001110000000
000000000000001111000000
000000000000000111000000
000000000000000111000000
000000000000000111000000
000000000000000111000000
000000000000000111000000
000000000000000110000000
000000000000000110000000
000000000000001110000000
000000000000011110000000
000000000000011100000000
000000000000111100000000
000000000001111000000000
000000000001110000000000
000011111111110000000000
000111111111100000000000
000111111111111000000011
000111111111111111111111
000111111100011111111111
000111110000000001111000
000000000000000000000000
000000000000000000000000
000000000000000000000000
000000000000000000000000
000000000000000000000000
start_draw_0:
000000000000000000000000
000000000000000000000000
000000000000000000000000
000000000000000000000000
000000000000000000000000
000000000111111000000000
000000001111111100000000
000000011110111110000000
000000011100011110000000
000000011100001111000000
000000011000000111000000
000000000000000111000000
000000000000000011000000
000000000000000011000000
000000000000000011000000
000000000000000011100000
000000000000000011100000
000000000000000011000000
000000000000000111000000
000000000000000111000000
000000000000001111000000
000000000000001110000000
000000000000011110000000
000000000000111100000000
000000000001111000000000
000001111111110000000000
000111111111100000000000
000111111111110000000000
000111111011111110000000
000111100000111111111000
000000000000001111111000
000000000000000000000000
000000000000000000000000
000000000000000000000000
000000000000000000000000
000000000000000000000000
start_draw_0:
000000000000000000000000
000000000000000000000000
000000000000000000000000
000000000000000000000000
000011111100000000000000
000111111100000000000000
001111011110000000000000
011110001110000000000000
011100000110000000000000
011100000111000000000000
000000000111000000000000
000000000111000000000000
000000000111000000000000
000000000111000000000000
000000000111000000000000
000000001111000000000000
000000011110000000000000
000001111100000000000000
011111111111111000000000
011111111111111000000000
011111000000000000000000
000000000000000000000000
000000000000000000000000
000000000000000000000000
000000000000000000000000
000000000000000000000000
000000000000000000000000
000000000000000000000000
000000000000000000000000
000000000000000000000000
000000000000000000000000
000000000000000000000000
000000000000000000000000
000000000000000000000000
000000000000000000000000
000000000000000000000000
start_draw_0:
000000000000000000000000
000000000000000000000000
000000000000000000000000
000000000000000000000000
000000000000000111110000
000000000011111111111000
000000000111111111111100
000000000111100000011100
000000000000000000011100
000000000000000000001100
000000000000000000001100
000000000000000000001100
000000000000000000001100
000000000000000000011100
000000000000000000011100
000000000000000000011100
000000000000000000111000
000000000000000001111000
000000000000000011110000
000000000000000111100000
000000000000111111111110
000000000000111111111111
000000000000111111111111
000000000000000000000000
000000000000000000000000
000000000000000000000000
000000000000000000000000
000000000000000000000000
000000000000000000000000
000000000000000000000000
000000000000000000000000
000000000000000000000000
000000000000000000000000
000000000000000000000000
000000000000000000000000
000000000000000000000000
start_draw_0:
000000000000000000000000
000000000000000000000000
000000000000000000000000
000000000000000000000000
000000000000000000000000
000000000000000000000000
000000000000000000000000
000000000000000000000000
000000000000000000000000
000000000000000000000000
000000000000000000000000
000000000000000000000000
000000000000000000000000
000000000000000000000000
000000000000000000000000
000000000000000000000000
000000000000000000000000
000000000000000000000000
000000000000000000000000
000000001100000000000000
000011111110000000000000
000111111110000000000000
001111101110000000000000
011110000110000000000000
011100000110000000000000
011000000110000000000000
000000000110000000000000
000000001110000000000000
000000011110000000000000
000001111100000000000000
000011111000011100000000
000111111111111100000000
000111111111111100000000
000000000000000000000000
000000000000000000000000
000000000000000000000000
start_draw_0:
000000000000000000000000
000000000000000000000000
000000000000000000000000
000000000000000000000000
000000000000000000000000
000000000000000000000000
000000000000000000000000
000000000000000000000000
000000000000000000000000
000000000000000000000000
000000000000000000000000
000000000000000000000000
000000000000000000000000
000000000000000000000000
000000000000000000000000
000000000000000000000000
000000000000000000000000
000001111110000000000000
000001111111000000000000
000001100111100000000000
000000000011100000000000
000000000011100000000000
000000000001110000000000
000000000001110000000000
000000000001110000000000
000000000000110000000000
000000000001110000000000
000000000001110000000000
000000000001110000000000
000000000011100000000000
000000000111111111100000
000000000111111111100000
000000000000000000000000
000000000000000000000000
000000000000000000000000
000000000000000000000000
start_draw_0:
000000000000000000000000
000000000000000000000000
000000000000000000000000
000000000000000000000000
000000000000000000000000
000000000000000000000000
000000000000000000000000
001111110000000000000000
011111111000000000000000
011100111000000000000000
011000011000000000000000
000000011000000000000000
000000011000000000000000
000000111000000000000000
000000111000000000000000
000001111000000000000000
000011110000000000000000
001111100000000000000000
111111000000000000000000
111111111100000000000000
111111111111110000000000
000000011111110000000000
000000000000000000000000
000000000000000000000000
000000000000000000000000
000000000000000000000000
000000000000000000000000
000000000000000000000000
000000000000000000000000
000000000000000000000000
000000000000000000000000
000000000000000000000000
000000000000000000000000
000000000000000000000000
000000000000000000000000
000000000000000000000000
start_draw_0:
000000000000000000000000
000000000000000000000000
000000000000000000000000
000000000000000000000000
000000000000000000000000
000000000000000000000000
000000000000000000000000
000000000000000000000000
000000000000000000000000
000000000000000000000000
000000000001111000000000
000000000011111100000000
000000000011111100000000
000000000000011110000000
000000000000001110000000
000000000000001110000000
000000000000000110000000
000000000000000111000000
000000000000000111000000
000000000000000111000000
000000000000000111000000
000000000000000111000000
000000000000000111000000
000000000000011110000000
000000000000111110000000
000000000000111111111111
000000000000001111111111
000000000000000000000111
000000000000000000000000
000000000000000000000000
000000000000000000000000
000000000000000000000000
000000000000000000000000
000000000000000000000000
000000000000000000000000
000000000000000000000000
start_draw_0:
000000000000000000000000
000000000000000000000000
000000000000000000000000
000011111000000000000000
000111111110000000000000
000111111110000000000000
000000001111000000000000
000000000111000000000000
000000000011000000000000
000000000011000000000000
000000000011000000000000
000000000011000000000000
000000000011000000000000
000000000011000000000000
000000000111000000000000
000000001111000000000000
000000011110000000000000
000001111110000000000000
000011111111000000000000
000011111111111100000000
000000000111111100000000
000000000000000000000000
000000000000000000000000
000000000000000000000000
000000000000000000000000
000000000000000000000000
000000000000000000000000
000000000000000000000000
000000000000000000000000
000000000000000000000000
000000000000000000000000
000000000000000000000000
000000000000000000000000
000000000000000000000000
000000000000000000000000
000000000000000000000000
start_draw_0:
000000000000000000000000
000000000000000000000000
000000000001110000000000
000000000001111100000000
000000000001111100000000
000000000000011100000000
000000000000001100000000
000000000000001100000000
000000000000001100000000
000000000000011100000000
000000000000011100000000
000000000000111100000000
000000000001111000000000
000000001111110000000000
000000011111100000000000
000000011110000000000000
000000011111100000000000
000000000111111100000000
000000000001111111100000
000000000000011111111000
000000000000000011111000
000000000000000000000000
000000000000000000000000
000000000000000000000000
000000000000000000000000
000000000000000000000000
000000000000000000000000
000000000000000000000000
000000000000000000000000
000000000000000000000000
000000000000000000000000
000000000000000000000000
000000000000000000000000
000000000000000000000000
000000000000000000000000
000000000000000000000000
start_draw_0:
000000000000000000000000
000000000000000000000000
000000000000000000000000
000000000000000000000000
000000000000000000000000
000000000000000000000000
000000000000000000000000
000000000000000000000000
000000000000000000000000
000000000000000000000000
000000000000000000000000
000000000000000000000000
000000000000000000000000
000000000000000000000000
000000000000000000000000
000000000000000000000000
000000000000000000000000
000000000000000000000000
011111110000000000000000
011111110000000000000000
011101110000000000000000
000000110000000000000000
000000110000000000000000
000001110000000000000000
000001110000000000000000
000011110000000000000000
000111100000001100000000
001111000000111100000000
001111000011111100000000
011110011111110000000000
011111111111100000000000
011111111100000000000000
000000000000000000000000
000000000000000000000000
000000000000000000000000
000000000000000000000000
start_draw_0:
000000000000000000000000
000000000000000000000000
000000000000000000000000
000000000000000000000000
000000000000000000000000
000000000000000000000000
000000000000000000000000
000000000000000000000000
000000000000000000000000
000000000000000000000000
000000000000000000000000
000000000000000000000000
000000000000000000000000
000000000000000000000000
011111110000000000000000
011111111000000000000000
000001111000000000000000
000000011100000000000000
000000011100000000000000
000000001110000000000000
000000001110000000000000
000000001110000000000000
000000001110000000000000
000000001110000000000000
000000001110000000000000
000000001110000000000000
000000011100000000000000
000000011100000000000000
000000111000000011110000
000011111111111111110000
000011111111111111000000
000011111000000000000000
000000000000000000000000
000000000000000000000000
000000000000000000000000
000000000000000000000000
start_draw_0:
000000000000000000000000
000000000000000000000000
000000000000000000000000
000000000000000000000000
000000000000000000000000
000000000000000000000000
000000000000000000000000
000000001111000000000000
000000111111000000000000
000001111111000000000000
000011110011100000000000
000011100011100000000000
000000000011100000000000
000000000011100000000000
000000000011100000000000
000000000011100000000000
000000000011000000000000
000000000111000000000000
000000001111000000000000
000000011111000000000000
000000111110000000000000
000011111100000000000000
001111110000000000000000
001111100000000000000000
001111110000000000000000
000111111100000000000000
000001111111000000000000
000000011111111000000000
000000000011111100000000
000000000000111100000000
000000000000000000000000
000000000000000000000000
000000000000000000000000
000000000000000000000000
000000000000000000000000
000000000000000000000000
start_draw_0:
000000000000000000000000
000000000000000000000000
000000000000000000000000
000000000000000000000000
000000000000000000000000
000000000000001111100000
000000000000111111100000
000000000001111111110000
000000000011111001110000
000000000111100000110000
000000000111000000110000
000000000110000000110000
000000000110000000110000
000000000000000000110000
000000000000000000110000
000000000000000000110000
000000000000000001110000
000000000000000001110000
000000000000000011110000
000000000000000111100000
000000000000001111000000
000000000000111110000000
000000000011111111111000
000000001111111111111000
000000001111111111111000
000000000000000000000000
000000000000000000000000
000000000000000000000000
000000000000000000000000
000000000000000000000000
000000000000000000000000
000000000000000000000000
000000000000000000000000
000000000000000000000000
000000000000000000000000
000000000000000000000000
start_draw_0:
000000000000000000000000
000000000000000000000000
000000000000000000000000
000000000000000000000000
000110000000000000000000
011111111000000000000000
011111111110000000000000
000000011110000000000000
000000000111000000000000
000000000111000000000000
000000000111000000000000
000000000111000000000000
000000001110000000000000
000000011110000000000000
000000111100000000000000
000001111000000000000000
000111110000000000000000
011111100000000000000000
111110000000000000000000
111111111000000000000000
000111111111000000000000
000000111111111100000000
000000000011111100000000
000000000000011100000000
000000000000000000000000
000000000000000000000000
000000000000000000000000
000000000000000000000000
000000000000000000000000
000000000000000000000000
000000000000000000000000
000000000000000000000000
000000000000000000000000
000000000000000000000000
000000000000000000000000
000000000000000000000000
start_draw_0:
000000000000000000000000
000000000000000000000000
000000000000000000000000
000000000000000000000000
000000111110000000000000
000001111111000000000000
000011111111100000000000
000111100011100000000000
000111000001110000000000
000000000001110000000000
000000000001110000000000
000000000001110000000000
000000000001110000000000
000000000001110000000000
000000000011100000000000
000000000011100000000000
000000000111100000000000
000000001111000000000000
000000011110000000000000
000000111100000000000111
000000111000000011111111
000000111111111111111110
000000111111111111110000
000000000000000000000000
000000000000000000000000
000000000000000000000000
000000000000000000000000
000000000000000000000000
000000000000000000000000
000000000000000000000000
000000000000000000000000
000000000000000000000000
000000000000000000000000
000000000000000000000000
000000000000000000000000
000000000000000000000000
start_draw_0:
000000000000000000000000
000000000000000000000000
011111110000000000000000
111111111000000000000000
111000111100000000000000
111000011100000000000000
000000001110000000000000
000000001110000000000000
000000001110000000000000
000000001110000000000000
000000001110000000000000
000000001110000000000000
000000001110000000000000
000000001110000000000000
000000001110000000000000
000000001100000000000000
000000001100000000000000
000000011100000000000000
000000011100000000001110
000000011100000011111110
000000011001111111111100
000000011111111111100000
000000011111111000000000
000000000000000000000000
000000000000000000000000
000000000000000000000000
000000000000000000000000
000000000000000000000000
000000000000000000000000
000000000000000000000000
000000000000000000000000
000000000000000000000000
000000000000000000000000
000000000000000000000000
000000000000000000000000
000000000000000000000000
start_draw_0:
000000000000000000000000
000000000000000000000000
000000000000000000000000
000000001110000000000000
000001111110000000000000
000001111110000000000000
000001110110000000000000
000000000111000000000000
000000000111000000000000
000000000111000000000000
000000000011100000000000
000000000011100000000000
000000000011100000000000
000000000001100000000000
000000000001100000000000
000000000001100000000000
000000000001100000000000
000000000001100000000000
000000000001100000000000
000000000011100000000000
000000000111100000000000
000000000111111110000000
000000000011111111111110
000000000000001111111110
000000000000000000000000
000000000000000000000000
000000000000000000000000
000000000000000000000000
000000000000000000000000
000000000000000000000000
000000000000000000000000
000000000000000000000000
000000000000000000000000
000000000000000000000000
000000000000000000000000
000000000000000000000000
start_draw_0:
000000000000000000000000
000000000000000000000000
000000000000000000000000
000000000000000000000000
000000000000000000000000
000000000000000000000000
000000000000000000000000
000000000000000000000000
000000000000000000000000
000000000000000000000000
000011111000000000000000
000111111100000000000000
001111011110000000000000
001110001110000000000000
000000001110000000000000
000000000110000000000000
000000000110000000000000
000000000110000000000000
000000001110000000000000
000000001110000000000000
000000011110000000000000
000000111100000000000000
000001111000000000000000
000011110000000000000000
000111100000000000000000
001111000000000001111000
111111111111111111111000
111111111111111111110000
111111000000000000000000
000000000000000000000000
000000000000000000000000
000000000000000000000000
000000000000000000000000
000000000000000000000000
000000000000000000000000
000000000000000000000000
start_draw_0:
000000000000000000000000
000000000000000000000000
000000000000000000000000
000000000000000000000000
000000000000000000000000
000000000000000000000000
000000000000000000000000
000000000000000000000000
000000000000000000000000
000000000000000000000000
000000000000000000000000
000000000000000000000000
000000000000000000000000
000000000000000000000000
000000000000000000000000
000000000000000000000000
000000000000000000000000
000001111111000000000000
000001111111100000000000
000001110011100000000000
000001100011100000000000
000000000001100000000000
000000000001100000000000
000000000011100000000000
000000000111100000000000
000000001111000000000000
000000001110000000000000
000000111110000000000000
000001111100000000000000
000111111000000000000000
000111110000000000000000
000111111111111000000000
000001111111111111111000
000000000001111111111000
000000000000000000000000
000000000000000000000000
start_draw_0:
000000000000000000000000
000000000000000000000000
000000000000000000000000
000000000000000000000000
000111111100000000000000
000111111110000000000000
000000001110000000000000
000000001110000000000000
000000001110000000000000
000000001110000000000000
000000011110000000000000
000000011100000000000000
000000111100000000000000
000000111000000000000000
000001111001111000000000
000011111111111000000000
000011111111111000000000
000011100000000000000000
000000000000000000000000
000000000000000000000000
000000000000000000000000
000000000000000000000000
000000000000000000000000
000000000000000000000000
000000000000000000000000
000000000000000000000000
000000000000000000000000
000000000000000000000000
000000000000000000000000
000000000000000000000000
000000000000000000000000
000000000000000000000000
000000000000000000000000
000000000000000000000000
000000000000000000000000
000000000000000000000000
start_draw_0:
000000000000000000000000
000000000000000000000000
000000000000000000000000
000000000111111100000000
000000011111111111100000
000000011111111111100000
000000000000000011100000
000000000000000111000000
000000000000000111000000
000000000000001110000000
000000000000001110000000
000000000000011100000000
000000000000011100000000
000000000000111000000000
000000000000111000000000
000000000001110000000000
000000000011110000000000
000000000011100000000000
000000000111100000000000
000000001111000000000000
000000011110000000000000
000000011100000001100000
000000111111111111100000
000000111111111111100000
000000000000000000000000
000000000000000000000000
000000000000000000000000
000000000000000000000000
000000000000000000000000
000000000000000000000000
000000000000000000000000
000000000000000000000000
000000000000000000000000
000000000000000000000000
000000000000000000000000
000000000000000000000000
start_draw_0:
000000000000000000000000
000000000000000000000000
000000000000000000000000
000000111110000000000000
000011111111000000000000
000011111111000000000000
000111100011000000000000
000111000011000000000000
000000000011000000000000
000000000011000000000000
000000000011000000000000
000000000011000000000000
000000000111000000000000
000000000111000000000000
000000001110000000000000
000000011110000000000000
000000111100000000000000
000011111000000000000000
000111111111110000000000
000111111111111110000000
000111000001111110000000
000000000000000110000000
000000000000000000000000
000000000000000000000000
000000000000000000000000
000000000000000000000000
000000000000000000000000
000000000000000000000000
000000000000000000000000
000000000000000000000000
000000000000000000000000
000000000000000000000000
000000000000000000000000
000000000000000000000000
000000000000000000000000
000000000000000000000000
start_draw_0:
000000000000000000000000
000000000000000000000000
000000000000000000000000
000000000000000000000000
000000000000000000000000
000000011111111000000000
000001111111111000000000
000011111100111000000000
000011110000011000000000
000000000000011000000000
000000000000011000000000
000000000000111000000000
000000000000111000000000
000000000001110000000000
000000000111110000000000
000000001111100000000000
000000111111000000000000
000001111100000000000000
000001111100000000000000
000001111111000000000000
000000011111110000000000
000000000011110000000000
000000000000000000000000
000000000000000000000000
000000000000000000000000
000000000000000000000000
000000000000000000000000
000000000000000000000000
000000000000000000000000
000000000000000000000000
000000000000000000000000
000000000000000000000000
000000000000000000000000
000000000000000000000000
000000000000000000000000
000000000000000000000000
start_draw_0:
000000000000000000000000
000000000000000000000000
000000000000000000000000
000000000000000000000000
000000000000000000000000
000000000000000000000000
000000011111000000000000
000000111111100000000000
000001111011100000000000
000011110001100000000000
000011100001100000000000
000000000001100000000000
000000000001100000000000
000000000011100000000000
000000000011100000000000
000000000111000011110000
000000000111011111110000
000000001111111111100000
000000001111111100000000
000000001111100000000000
000000001100000000000000
000000000000000000000000
000000000000000000000000
000000000000000000000000
000000000000000000000000
000000000000000000000000
000000000000000000000000
000000000000000000000000
000000000000000000000000
000000000000000000000000
000000000000000000000000
000000000000000000000000
000000000000000000000000
000000000000000000000000
000000000000000000000000
000000000000000000000000
start_draw_0:
000000000000000000000000
000000000000000000000000
000000000000000000000000
000000000000000000000000
000000000000000000000000
000000000000000000000000
000000001110000000000000
000001111110000000000000
000011111110000000000000
000011101111000000000000
000011000111000000000000
000000000111000000000000
000000000011000000000000
000000000011000000000000
000000000011000000000000
000000000111000000000000
000000000111000000000000
000000000111000000000000
000000001110000000000000
000000011110000000000000
000001111100000000000000
001111111000000000000000
011111110000000000000000
011111111110000000000000
000011111111100000000000
000000001111100000000000
000000000000000000000000
000000000000000000000000
000000000000000000000000
000000000000000000000000
000000000000000000000000
000000000000000000000000
000000000000000000000000
000000000000000000000000
000000000000000000000000
000000000000000000000000
start_draw_0:
000000000000000000000000
000000000000000000000000
000000000011100000000000
000000000011111100000000
000000000011111110000000
000000000000011111000000
000000000000000111000000
000000000000000011100000
000000000000000011100000
000000000000000111100000
000000000000001111000000
000000000000111110000000
000000000001111100000000
000000000111111000000000
000000000111111100000000
000000000111111111100000
000000000000011111100000
000000000000000000000000
000000000000000000000000
000000000000000000000000
000000000000000000000000
000000000000000000000000
000000000000000000000000
000000000000000000000000
000000000000000000000000
000000000000000000000000
000000000000000000000000
000000000000000000000000
000000000000000000000000
000000000000000000000000
000000000000000000000000
000000000000000000000000
000000000000000000000000
000000000000000000000000
000000000000000000000000
000000000000000000000000
start_draw_0:
000000000000000000000000
000000000000000000000000
000000000000000000000000
000000000000000000000000
000000000000000000000000
000000000000000000000000
000000000000000000000000
000000000000000000000000
000000000000000000000000
000000000000000000000000
000000000000000000000000
000000000000000000000000
000000000000000000000000
000000000000000000000000
000000000000000000000000
000000000000000000000000
000000000000000000000000
000000000000000000000000
000000000000000000000000
000000000000000000000000
000000000000000000000000
000000000000000000000000
000000000000000000000000
000000000000000000000000
000000111110000000000000
000011111111000000000000
000011111111000000000000
000011000111000000000000
000000000011000000000000
000000000111000000000000
000000011111000000000000
000001111111000000000000
000111111111100000000000
000111111111100000000000
000000000000000000000000
000000000000000000000000
start_draw_0:
000000000000000000000000
000000000000000000000000
000000000000000000000000
011111111000000000000000
111111111000000000000000
111000111100000000000000
110000011100000000000000
000000001100000000000000
000000001100000000000000
000000001100000000000000
000000011100000000000000
000000111100000000000000
000001111000000000000000
000011111111000000000000
000011111111000000000000
000000000000000000000000
000000000000000000000000
000000000000000000000000
000000000000000000000000
000000000000000000000000
000000000000000000000000
000000000000000000000000
000000000000000000000000
000000000000000000000000
000000000000000000000000
000000000000000000000000
000000000000000000000000
000000000000000000000000
000000000000000000000000
000000000000000000000000
000000000000000000000000
000000000000000000000000
000000000000000000000000
000000000000000000000000
000000000000000000000000
000000000000000000000000
start_draw_0:
000000000000000000000000
000000000000000000111100
000000000000001111111100
000000000000001111111110
000000000000001110001110
000000000000001100000110
000000000000000000001110
000000000000000000001110
000000000000000000011110
000000000000000001111100
000000000000000011111100
000000000000001111110000
000000000000011111111000
000000000000011111111000
000000000000000000000000
000000000000000000000000
000000000000000000000000
000000000000000000000000
000000000000000000000000
000000000000000000000000
000000000000000000000000
000000000000000000000000
000000000000000000000000
000000000000000000000000
000000000000000000000000
000000000000000000000000
000000000000000000000000
000000000000000000000000
000000000000000000000000
000000000000000000000000
000000000000000000000000
000000000000000000000000
000000000000000000000000
000000000000000000000000
000000000000000000000000
000000000000000000000000
start_draw_0:
000000000000000000000000
000000000000000000000000
000000000000000000000000
000000000000000000000000
000000000000000000000000
000000000000000000000000
000000000000000000000000
000000000000000000000000
000000000000000000000000
000000000000000000000000
000000000000000000000000
000000000000000000000000
000000000000000000000000
000000000000000000000000
000000000000000000000000
000000000000000000000000
000000000000000000000000
000000000000000000000000
000000000000000000000000
000000000000000000000000
000000000000000000000000
011111100000000000000000
111111111000000000000000
111101111000000000000000
000000111000000000000000
000000011000000000000000
000000111000000000000000
000011111000000000000000
000111110000000000000000
011111100000000000000000
011111111111000000000000
011111111111000000000000
000000000000000000000000
000000000000000000000000
000000000000000000000000
000000000000000000000000
start_draw_0:
000000000000000000000000
000000000000000000000000
000000000000000000000000
000000000000000000000000
000000000000000000000000
000000000000000000000000
000000000000000000000000
000000000000000000000000
000000000000000000000000
000000000000000000000000
000000000000000000000000
000000000000000000000000
000000000000000000000000
000000000000000000000000
000000000000000000000000
000000000000000000000000
000000000000000000000000
000000000000000000000000
000000000000000000000000
000000000000000000000000
000000000000000000000000
000000000000000000000000
000000000000000000000000
000000000000111110000000
000000000111111111100000
000000001111111111100000
000000001111000001100000
000000000000000011100000
000000000000001111100000
000000000000011111000000
000000000001111111111100
000000000001111111111100
000000000001111111111100
000000000000000000000000
000000000000000000000000
000000000000000000000000
start_draw_0:
000000000000000000000000
000000000000000000000000
111111110000000000000000
111111111000000000000000
110001111000000000000000
000000111000000000000000
000000111000000000000000
000001111000000000000000
000011110000000000000000
000111100000000000000000
001111111111100000000000
001111111111111110000000
000000000111111110000000
000000000000000000000000
000000000000000000000000
000000000000000000000000
000000000000000000000000
000000000000000000000000
000000000000000000000000
000000000000000000000000
000000000000000000000000
000000000000000000000000
000000000000000000000000
000000000000000000000000
000000000000000000000000
000000000000000000000000
000000000000000000000000
000000000000000000000000
000000000000000000000000
000000000000000000000000
000000000000000000000000
000000000000000000000000
000000000000000000000000
000000000000000000000000
000000000000000000000000
000000000000000000000000
start_draw_0:
000000000000000000000000
000000000000000000000000
000000000000111111000000
000000000000111111100000
000000000000000011100000
000000000000000001100000
000000000000000001100000
000000000000000011100000
000000000000000011100000
000000000000000111100000
000000000000001111000000
000000000000011111111100
000000000000111111111100
000000000000111100000000
000000000000000000000000
000000000000000000000000
000000000000000000000000
000000000000000000000000
000000000000000000000000
000000000000000000000000
000000000000000000000000
000000000000000000000000
000000000000000000000000
000000000000000000000000
000000000000000000000000
000000000000000000000000
000000000000000000000000
000000000000000000000000
000000000000000000000000
000000000000000000000000
000000000000000000000000
000000000000000000000000
000000000000000000000000
000000000000000000000000
000000000000000000000000
000000000000000000000000
start_draw_0:
000000000000000000000000
000000000000000000000000
000000000000000000000000
000000000000000000000000
000000000000000000000000
000000000000000000000000
000000000000000000000000
000000000000000000000000
000000000000000000000000
000000000000000000000000
000000000000000000000000
000000000000000000000000
000000000000000000000000
000000000000000000000000
000000000000000000000000
000000000000000000000000
000000000000000000000000
000000000000000000000000
000000000000000000000000
000000000000000000000000
000000000000000000000000
000000000000000000000000
000000000000000000000000
000000000000000000000000
011111000000000000000000
011111110000000000000000
011111110000000000000000
000001111000000000000000
000000111000000000000000
000001111000000000000000
000111110000000000000000
011111110000000000000000
011111110000000000000000
000000000000000000000000
000000000000000000000000
000000000000000000000000
start_draw_0:
000000000000000000000000
000000000000000000000000
000000000000000000000000
000000000000000000000000
000000000000000000000000
000000000000000000000000
000000000000000000000000
000000000000000000000000
000000000000000000000000
000000000000000000000000
000000000000000000000000
000000000000000000000000
000000000000000000000000
000000000000000000000000
000000000000000000000000
000000000000000000000000
000000000000000000000000
000000000000000000000000
000000000000000000000000
000000000000000000000000
000000000000000000000000
000000000000000000000000
000000000000000000000000
000000001111110000000000
000000001111111000000000
000000001100111100000000
000000000000011110000000
000000000000001110000000
000000000000001110000000
000000000000011110000000
000000000001111110000000
000000000011111111111100
000000000011111111111100
000000000000000001111100
000000000000000000000000
000000000000000000000000
start_draw_0:
000000000000000000000000
000000000000000000000000
011111100000000000000000
111111100000000000000000
111111110000000000000000
110001110000000000000000
000001110000000000000000
000011100000000000000000
000111100000000000000000
000111000000000000000000
000111100000000000000000
000111100000000000000000
000000000000000000000000
000000000000000000000000
000000000000000000000000
000000000000000000000000
000000000000000000000000
000000000000000000000000
000000000000000000000000
000000000000000000000000
000000000000000000000000
000000000000000000000000
000000000000000000000000
000000000000000000000000
000000000000000000000000
000000000000000000000000
000000000000000000000000
000000000000000000000000
000000000000000000000000
000000000000000000000000
000000000000000000000000
000000000000000000000000
000000000000000000000000
000000000000000000000000
000000000000000000000000
000000000000000000000000
start_draw_0:
000000000000000000000000
000000000000000000000000
000000000000000011111000
000000000000000111111000
000000000000000111011100
000000000000000000011100
000000000000000000011100
000000000000000000011100
000000000000000000011100
000000000000000000011100
000000000000000000111000
000000000000000001111000
000000000000000011110000
000000000000001111110000
000000000000111111000000
000000000011111110000000
000000001111111000000000
000000001111111000000000
000000001111111111111100
000000000000111111111111
000000000000000000011111
000000000000000000000000
000000000000000000000000
000000000000000000000000
000000000000000000000000
000000000000000000000000
000000000000000000000000
000000000000000000000000
000000000000000000000000
000000000000000000000000
000000000000000000000000
000000000000000000000000
000000000000000000000000
000000000000000000000000
000000000000000000000000
000000000000000000000000
start_draw_0:
000000000000000000000000
000000000000000000000000
000000000000000000000000
000000000000000000000000
000000000000000000000000
000000000000000000000000
000000000000000000000000
000000000000000000000000
000000000000000000000000
000000000000000000000000
000000000000000000000000
000000000000000000000000
000000000000000000000000
000000000000000000000000
000000000000000000000000
000000000000000000000000
000000000000000000000000
000000000000000000000000
000000000000000000000000
000011111111000000000000
000111111111100000000000
000111000011110000000000
000110000001110000000000
000110000000110000000000
000000000001110000000000
000000000011110000000000
000000000111100000000000
000000011111000000000000
000011111110000011100000
000011111111111111100000
000011111111111111100000
000000000000000000000000
000000000000000000000000
000000000000000000000000
000000000000000000000000
000000000000000000000000
start_draw_0:
000000000000000000000000
000000000000000000000000
000000000000000000000000
000000000000000000000000
000000000000000000000000
000000000000000000000000
000000000000000000000000
000000000000000000000000
000000000000000000000000
000000000000000000000000
000000000000000000000000
000000000000000000000000
000000000000000000000000
000000000000000000000000
000000000000000000000000
000000000000000000000000
000000000000000000000000
000000000000000000000000
000000000000000000000000
000001111111110000000000
000001111111111000000000
000001100000111100000000
000000000000011100000000
000000000000001110000000
000000000000001110000000
000000000000001110000000
000000000000011110000000
000000000000111100000000
000000000011111000000000
000000000111110000000000
000000000111111111111100
000000000011111111111100
000000000000000011111100
000000000000000000000000
000000000000000000000000
000000000000000000000000
start_draw_0:
000000000000000000000000
000000000000000000000000
000000000000000000000000
000000000000000000000000
000111111000000000000000
011111111100000000000000
011110111100000000000000
011100011100000000000000
011000001110000000000000
000000001110000000000000
000000001110000000000000
000000001110000000000000
000000001110000000000000
000000001110000000000000
000000011100000000000000
000000011100000000000000
000000111100000000000000
000001111000000000000000
000011110000000000000000
000111100000000000000000
001111000000000000000000
001111111111111111000000
001111111111111111000000
000000000000000000000000
000000000000000000000000
000000000000000000000000
000000000000000000000000
000000000000000000000000
000000000000000000000000
000000000000000000000000
000000000000000000000000
000000000000000000000000
000000000000000000000000
000000000000000000000000
000000000000000000000000
000000000000000000000000
start_draw_0:
000000000000000000000000
000000000000000000000000
000000000000000000000000
000000000000011111000000
000000000000111111100000
000000000000111011100000
000000000000000001100000
000000000000000001100000
000000000000000011100000
000000000000000011100000
000000000000000111000000
000000000000001111000000
000000000000011110000000
000000000001111100000000
000000000011111000000000
000000001111110000000000
000000001111111111000000
000000001111111111000000
000000000000000111000000
000000000000000000000000
000000000000000000000000
000000000000000000000000
000000000000000000000000
000000000000000000000000
000000000000000000000000
000000000000000000000000
000000000000000000000000
000000000000000000000000
000000000000000000000000
000000000000000000000000
000000000000000000000000
000000000000000000000000
000000000000000000000000
000000000000000000000000
000000000000000000000000
000000000000000000000000
start_draw_0:
000000000000000000000000
000000000000000000000000
000000000000000000000000
000000000000000000000000
000000000000000000000000
000000000000000000000000
000000000000000000000000
000000000000000000000000
000000000000000000000000
000000000000000000000000
000000000000000000000000
000000000000000000000000
000000000000000000000000
000000000000000000000000
000000000000000000000000
000000000000000000000000
000000000000000000000000
000000000000000000000000
000000000000000000000000
000000000000000000000000
000000000000000000000000
000000000000000000000000
000111111100000000000000
011111111110000000000000
011111001110000000000000
011100000110000000000000
000000001110000000000000
000000011110000000000000
000001111100000000000000
000111111000000000000000
000111111111100000000000
000111111111100000000000
000000000000000000000000
000000000000000000000000
000000000000000000000000
000000000000000000000000
start_draw_0:
000000000000000000000000
000000000000000000000000
000000000000000000000000
000000000000000000000000
000000000000000000000000
000000000000000000000000
000000000000000000000000
000000000000000000000000
000000000000000000000000
000000000000000000000000
000000000000000000000000
000000000000000000000000
000000000000000000000000
000000000000000000000000
000000000000000000000000
000000000000000000000000
000000000000000000000000
000000000000000000000000
000000000000000000000000
000000000000000000000000
000000000000000000000000
000000000000000000000000
000000111111111000000000
000000111111111110000000
000000000000111111000000
000000000000000111000000
000000000000000011000000
000000000000000111000000
000000000000001111000000
000000000001111110000000
000000000011111100000000
000000000111111111110000
000000000111111111110000
000000000000000000000000
000000000000000000000000
000000000000000000000000
start_draw_0:
000000000000000000000000
000000000000000000000000
000000000000000000000000
000000000000000000000000
110000000000000000000000
111110000000000000000000
111111110000000000000000
001111111000000000000000
000001111000000000000000
000000011000000000000000
000000011000000000000000
000000111000000000000000
000001111000000000000000
000001110000000000000000
000011110000000000000000
000111100000000000000000
001111000000000000000000
011111111100000000000000
011111111111000000000000
000000111111000000000000
000000000000000000000000
000000000000000000000000
000000000000000000000000
000000000000000000000000
000000000000000000000000
000000000000000000000000
000000000000000000000000
000000000000000000000000
000000000000000000000000
000000000000000000000000
000000000000000000000000
000000000000000000000000
000000000000000000000000
000000000000000000000000
000000000000000000000000
000000000000000000000000
start_draw_0:
000000000000000000000000
000000000000000000000000
000000000000000000000000
000000000000000000000000
000000000000000000000000
000000000000000000000000
000000000001111111000000
000000000001111111000000
000000000001110111000000
000000000000000011000000
000000000000000011000000
000000000000000111000000
000000000000001111000000
000000000000011110000000
000000000000111100000000
000000000001111100000000
000000000011111000000000
000000000111110000000000
000000011111000000000000
000000111110000000000000
000000111110000000000000
000000111111100000000000
000000001111111100000000
000000000011111111000000
000000000000011111000000
000000000000000011000000
000000000000000000000000
000000000000000000000000
000000000000000000000000
000000000000000000000000
000000000000000000000000
000000000000000000000000
000000000000000000000000
000000000000000000000000
000000000000000000000000
000000000000000000000000
start_draw_0:
000000000000000000000000
000000000000000000000000
000000000000000000000000
000000000000000000000000
000000000000000000000000
000000000000000000000000
000000000000000000000000
000000000000000000000000
000000000000000000000000
000000000000000000000000
000000000000000000000000
000000000000000000000000
000000000000000000000000
001110000000000000000000
001111110000000000000000
001111111100000000000000
000000111100000000000000
000000001110000000000000
000000001110000000000000
000000000110000000000000
000000000110000000000000
000000001110000000000000
000000011110000000000000
000000111100000000000000
000001111000000000000000
000001111000000000000000
000001110000000000000000
000001111000000000000000
000001111111000000000000
000000111111111100000000
000000000111111111110000
000000000000011111110000
000000000000000000000000
000000000000000000000000
000000000000000000000000
000000000000000000000000
start_draw_0:
000000000000000000000000
000000000000000000000000
000000000000000000000000
000000000000000000000000
000000000000000000000000
000000000000000000000000
000000000000000000000000
000000111111100000000000
000001111111110000000000
000001110001110000000000
000001100000111000000000
000000000000111000000000
000000000000111000000000
000000000000011000000000
000000000000011000000000
000000000000011000000000
000000000000011000000000
000000000000011100000000
000000000000011100000000
000000000000011100000000
000000000000011000000000
000000000000111000000000
000011111111111000000000
000011111111111000000000
000011000111110000000000
000011111111111000000000
000011111110111111100000
000011110000111111100000
000000000000000111100000
000000000000000000000000
000000000000000000000000
000000000000000000000000
000000000000000000000000
000000000000000000000000
000000000000000000000000
000000000000000000000000
start_draw_0:
000000000000000000000000
000000000000000000000000
000000000000000000000000
000000000000000000000000
000000000000000000000000
000001111000000000000000
000011111100000000000000
000011111110000000000000
000011001110000000000000
000011001110000000000000
000011000111000000000000
000000000111000000000000
000000000111000000000000
000000000011000000000000
000000000011000000000000
000000000011000000000000
000000000011000000000000
000000000011000000000000
000000000011000000000000
000000000011000000000000
000000000111000000000000
000000000111000000000000
000000000111000000000000
000000001110000000000000
000000001110000000000000
000000011100000000000000
000000111100000000000000
000001111000011110000000
000011110111111110000000
000011111111111110000000
000011111111000000000000
000000000000000000000000
000000000000000000000000
000000000000000000000000
000000000000000000000000
000000000000000000000000