start_draw_0:
000000000000000000000000
000000000000000000000000
000000011111111111100000
001111111111111111100000
001111111111000000000000
001110000000000000000000
001100000000000000000000
001100000000000000000000
001100000000000000000000
001100000000000000000000
001100000000000000000000
001100000000000000000000
001110000000000000000000
001110000000000000000000
001110000000000000000000
000111000000000000000000
000111000000000000000000
000111111111111000000000
000011111111111110000000
000000000000111111000000
000000000000001111100000
000000000000000011100000
000000000000000001110000
000000000000000001110000
000000000000000000110000
000000000000000000110000
000000000000000000110000
000000000000000001110000
000000000000000011110000
000000011110000111100000
000000011111111111100000
000000000111111110000000
000000000000000000000000
000000000000000000000000
000000000000000000000000
000000000000000000000000
start_draw_0:
000000000000000000000000
000000000000000000000000
000001110000000000000000
000001111111000000000000
000001111111111111110000
000000110111111111110000
000001110000000000000000
000001110000000000000000
000001110000000000000000
000001100000000000000000
000001100000000000000000
000001100000000000000000
000001100000000000000000
000001110000000000000000
000001111111110000000000
000001111111111100000000
000000000001111111000000
000000000000001111100000
000000000000000111100000
000000000000000001110000
000000000000000001110000
000000000000000000110000
000000000000000000110000
000000000000000000110000
000000000000000000110000
000000000000000001110000
000000000000000111110000
000000000111111111100000
000000000111111111000000
000000000000000000000000
000000000000000000000000
000000000000000000000000
000000000000000000000000
000000000000000000000000
000000000000000000000000
000000000000000000000000
start_draw_0:
000000000000000000000000
000000000000000000000000
000000000000000000000000
011111111111111111110000
011111111111111111110000
000110000000000000000000
000110000000000000000000
000110000000000000000000
000110000000000000000000
000110000000000000000000
000110000000000000000000
000110000000000000000000
000111000000000000000000
000111000000000000000000
000111000000000000000000
000011111111111011100000
000011111111111111111000
000011100000011111111100
000000000000000011111110
000000000000000000111110
000000000000000000000111
000000000000000000000111
000000000000000000000011
000000000000000000000011
000000000000000000000011
000000000000000000000001
000000000000000000000011
000000000000000000000111
000000000000000001111111
000000000000011111111110
000000000000011111110000
000000000000000000000000
000000000000000000000000
000000000000000000000000
000000000000000000000000
000000000000000000000000
start_draw_0:
000000000000000000000000
000000000000000000000000
000000000000000000000000
000000000000000000000000
000000000000000000000000
000000001100000000000000
000000111111111111111111
000000111111111111111111
000000001100000000000000
000000011100000000000000
000000011100000000000000
000000011100000000000000
000000011100000000000000
000000011100000000000000
000000011100000000000000
000000011111110000000000
000000011111111110000000
000000001111111111100000
000000000000001111110000
000000000000000011111100
000000000000000000111110
000000000000000000011110
000000000000000000000111
000000000000000000000111
000000000000000000000011
000000000000000000000011
000000000000000000000000
000000000000000000000000
000000000000000000000001
000000000000111000000001
000000000000111111100111
000000000000111111111111
000000000000000011111110
000000000000000000000000
000000000000000000000000
000000000000000000000000
start_draw_0:
000000000000000000000000
000000011110000000000000
000000011111100000000000
000000011111111111000000
000000001111111111111000
000000001110000111111000
000000001100000000000000
000000011100000000000000
000000011100000000000000
000000011100000000000000
000000111000000000000000
000000111000000000000000
000000111000000000000000
000000110000000000000000
000001110000000000000000
000001111111111100000000
000001111111111111100000
000000000000011111111000
000000000000000011111100
000000000000000000011110
000000000000000000001111
000000111000000000001111
000000111111111111111110
000000111111111111111100
000000000011111110000000
000000000000000000000000
000000000000000000000000
000000000000000000000000
000000000000000000000000
000000000000000000000000
000000000000000000000000
000000000000000000000000
000000000000000000000000
000000000000000000000000
000000000000000000000000
000000000000000000000000
start_draw_0:
000000000000000000000000
000000000011111110000000
000000011111111110000000
000111111111100000000000
000111111100000000000000
000111110000000000000000
000111000000000000000000
000111000000000000000000
000111000000000000000000
000111000000000000000000
000011100000000000000000
000011100000000000000000
000011100000000000000000
000001110000000000000000
000001111111111100000000
000000111111111111000000
000000111000011111100000
000000111000000011111000
000000000000000001111000
000000000000000000111100
000000000000000000011100
000000000000000000011100
000000000000000000001100
000000000000000000011100
000000000000000001111100
000000011111111111111000
000000011111111111110000
000000000011111100000000
000000000000000000000000
000000000000000000000000
000000000000000000000000
000000000000000000000000
000000000000000000000000
000000000000000000000000
000000000000000000000000
000000000000000000000000
start_draw_0:
000000000000000000000000
000000000000000000000000
000000000000000000000000
000000000011111111111100
000000011111111111111110
000000011111000000011110
000000011100000000000000
000000001100000000000000
000000001100000000000000
000000001100000000000000
000000001100000000000000
000000001100000000000000
000000001110000000000000
000000001110000000000000
000000001111111111000000
000000001111111111111000
000000000110000111111100
000000000000000000111110
000000000000000000001111
000000000000000000000111
000000000000000000000111
000000000000000000000111
000000000000000000001111
000000000000000000011110
000000000000000111111100
000000000011111111111000
000000000011111111000000
000000000000000000000000
000000000000000000000000
000000000000000000000000
000000000000000000000000
000000000000000000000000
000000000000000000000000
000000000000000000000000
000000000000000000000000
000000000000000000000000
start_draw_0:
000000000000000000000000
000000000000000000000000
000000000000000000000000
000000000001111111111000
000000001111111111111000
000000111111110000011000
000000111110000000000000
000001111100000000000000
000001111100000000000000
000001111100000000000000
000001111100000000000000
000000011100000000000000
000000011100000000000000
000000011111000000000000
000000011111111000000000
000000000111111110000000
000000000000011111100000
000000000000000111110000
000000000000000001111000
000000000000000000111000
000000000000000000011100
000000000000000000011100
000000000000000000011100
000000000000000000011100
000000001111100000111100
000000001111111111111000
000000000011111111111000
000000000000011111100000
000000000000000000000000
000000000000000000000000
000000000000000000000000
000000000000000000000000
000000000000000000000000
000000000000000000000000
000000000000000000000000
000000000000000000000000
start_draw_0:
000000000000000000000000
000000000000000000000000
000000001100000000000000
000000111111111111100000
000000111111111111111000
000000011100000011111000
000000111000000000000000
000000111000000000000000
000000111000000000000000
000000110000000000000000
000001110000000000000000
000001110000000000000000
000001111111100000000000
000001111111111000000000
000000000011111110000000
000000000000111111000000
000000000000001111100000
000000000000000011100000
000000000000000001100000
000000000000000001110000
000000000000000001110000
011111000000000001110000
011111111000000111100000
000111111111111111100000
000000111111111110000000
000000000000000000000000
000000000000000000000000
000000000000000000000000
000000000000000000000000
000000000000000000000000
000000000000000000000000
000000000000000000000000
000000000000000000000000
000000000000000000000000
000000000000000000000000
000000000000000000000000
start_draw_0:
000000000000000000000000
000000000000000000000000
000000000000000000000000
000000000000000000000000
000000000000000000000000
000000000000000000000000
000000000000000000000000
000110000000000000000000
000110000000000000000000
001111111111111111000000
111111111111111111000000
111111000000000000000000
111110000000000000000000
001110000000000000000000
001110000000000000000000
001100000000000000000000
001100000000000000000000
001100000000000000000000
001111111111110000000000
001111111111111110000000
001110000011111111110000
000000000000001111111000
000000000000000001111000
000000000000000000111000
000000000000000011111000
000000000000000111110000
000111100000011111100000
000111111111111110000000
000011111111111000000000
000000000000000000000000
000000000000000000000000
000000000000000000000000
000000000000000000000000
000000000000000000000000
000000000000000000000000
000000000000000000000000
start_draw_0:
000000000000000000000000
000000000000000000000000
000000000000000000000000
000000000000000000000000
000000000000000000000000
000000000000000000000000
000000000000000000000000
000000000000000000000000
000000000000000000000000
000000000000000000000000
000000000000110001111110
000000000000111111111110
000000000000111111110000
000000000000111000000000
000000000000110000000000
000000000000110000000000
000000000000110000000000
000000000000110000000000
000000000000110000000000
000000000000111000000000
000000000000111111000000
000000000000111111110000
000000000000000011111100
000111100000000000111110
000111111000000000001111
000011111111100000001111
000000011111111111111111
000000000011111111111110
000000000000000000000000
000000000000000000000000
000000000000000000000000
000000000000000000000000
000000000000000000000000
000000000000000000000000
000000000000000000000000
000000000000000000000000
start_draw_0:
000000000000000000000000
000111111000000000000000
000111111111111000000000
000001111111111000000000
000011100000011000000000
000011100000000000000000
000011000000000000000000
000111000000000000000000
000111000000000000000000
000111000000000000000000
000111000000000000000000
000111111000000000000000
000111111111100000000000
000000111111111100000000
000000000011111110000000
000000000000011111000000
000000000000000111000000
000000000000000111000000
000000000000001111000000
000011110000011111000000
000011111111111110000000
000001111111111000000000
000000000000000000000000
000000000000000000000000
000000000000000000000000
000000000000000000000000
000000000000000000000000
000000000000000000000000
000000000000000000000000
000000000000000000000000
000000000000000000000000
000000000000000000000000
000000000000000000000000
000000000000000000000000
000000000000000000000000
000000000000000000000000
start_draw_0:
000000000000000000000000
000000000000000000000000
000000000000000000000000
000000000000000000000000
000000000000000000000000
000000000001111111111111
000000001111111111111111
000000001111111111111111
000000001110000000000000
000000001110000000000000
000000001110000000000000
000000001100000000000000
000000001100000000000000
000000001100000000000000
000000001100011111000000
000000011111111111111000
000000011111111111111110
000000011110000000011110
000000011100000000001111
000000000000000000000111
000000000000000000000111
000110000000000000000011
000111110000000000000111
000111111110000000001111
000001111111110000111111
000000001111111111111110
000000000000111111111000
000000000000000000000000
000000000000000000000000
000000000000000000000000
000000000000000000000000
000000000000000000000000
000000000000000000000000
000000000000000000000000
000000000000000000000000
000000000000000000000000
start_draw_0:
000000000000000000000000
000000000000000000000000
001100000000000000000000
011111111111111000000000
011111111111111000000000
011000000000000000000000
011000000000000000000000
111000000000000000000000
111000000000000000000000
111000000000000000000000
110000000000000000000000
110000000000000000000000
111110000000000000000000
111111110000000000000000
111111111110000000000000
000000111111110000000000
000000000111111100000000
000000000001111110000000
000000000000001111000000
000000000000000111000000
000000000000001111000000
000000000000111111000000
001111111111111110000000
001111111111111000000000
000000000000000000000000
000000000000000000000000
000000000000000000000000
000000000000000000000000
000000000000000000000000
000000000000000000000000
000000000000000000000000
000000000000000000000000
000000000000000000000000
000000000000000000000000
000000000000000000000000
000000000000000000000000
start_draw_0:
000000000000000000000000
000000000000000000000000
000000000000000000000000
000001111111111111000000
000011111111111111000000
000011111111111111000000
000001100000000000000000
000001100000000000000000
000001100000000000000000
000001100000000000000000
000001111111111110000000
000001111111111111100000
000000000000001111111000
000000000000000001111100
000000000000000000111100
000000000000000000011100
000000000000000000011100
000000000000000000011100
000000000000000001111100
000000000000001111111000
000000000011111111110000
000000000011111110000000
000000000011100000000000
000000000000000000000000
000000000000000000000000
000000000000000000000000
000000000000000000000000
000000000000000000000000
000000000000000000000000
000000000000000000000000
000000000000000000000000
000000000000000000000000
000000000000000000000000
000000000000000000000000
000000000000000000000000
000000000000000000000000
start_draw_0:
000000000000000000000000
000000000000000000000000
000000000000000000000000
000001111111111111100000
000001111111111111100000
000000011100000000000000
000000011100000000000000
000000011000000000000000
000000111000000000000000
000000111000000000000000
000000111000000000000000
000000111000000000000000
000000111111000000000000
000000111111111000000000
000000000011111110000000
000000000000011111100000
000000000000000111110000
000000000000000011110000
000000000000000000110000
000000000000000001110000
000000000000000111110000
000000000111111111100000
000000000111111110000000
000000000000000000000000
000000000000000000000000
000000000000000000000000
000000000000000000000000
000000000000000000000000
000000000000000000000000
000000000000000000000000
000000000000000000000000
000000000000000000000000
000000000000000000000000
000000000000000000000000
000000000000000000000000
000000000000000000000000
start_draw_0:
000000000000000000000000
000000000000000000000000
000000000000000000000000
000000000000000000000000
000000000000000000000000
000000000000000000000000
000000000000000000000000
000000000000000000000000
000000000000000000000000
000000000000000000000000
000000000000000000000000
000000000000000000000000
000000000000000000000000
000000000000000000000000
000000000000000000000000
000000000000000000000000
000000000000000000000000
000000000001111111100000
000001111111111111100000
000111111111111111100000
000111110000000000000000
000111000000000000000000
000111000000000000000000
000111000000000000000000
000111111111000000000000
000111111111111000000000
000111000111111100000000
000000000000111110000000
000000000000011110000000
000000000000001110000000
000000000000000110000000
000000000000001110000000
000000000000011110000000
000111111111111110000000
000111111111111100000000
000000001111000000000000
start_draw_0:
000000000000000000000000
000000000000000000000000
000000000000000000000000
000000000000000000000000
000000000000000000000000
000000000000000000000000
000000000000000000000000
000000000000000000000000
000000000000000000000000
000000000000000000000000
000000000000000000000000
000000000000000000000000
000000000000000000000000
000000000000000000000000
000000000000000000000000
000000000000001111000000
000000000000111111000000
000000000011111110000000
000000000111110000000000
000000011111000000000000
000000011110000000000000
000000011110000000000000
000000011011111111000000
000000011111111111111000
000000011111110111111100
000000000000000000011110
000000000000000000001110
000000000000000000000110
000000000000000000000110
000000000000000000001110
000000111110000000111110
000000111111111111111100
000000001111111111111000
000000000000000000000000
000000000000000000000000
000000000000000000000000
start_draw_0:
000000000000000000000000
000000000000000000000000
000000000000000000000000
000000000000000000000000
000000000000000000000000
000000000000000000000000
000000000000000000000000
000001111111100000000000
000001111111100000000000
000000011000000000000000
000000011000000000000000
000000011000000000000000
000000011000000000000000
000000011000000000000000
000000011000000000000000
000000011000000000000000
000000011111100000000000
000000011111111100000000
000000011111111111000000
000000011100011111000000
000000000000000111100000
000000000000000011100000
000000000000000011100000
000111100000000111000000
000111111111111111000000
000001111111111110000000
000000011111111000000000
000000000000000000000000
000000000000000000000000
000000000000000000000000
000000000000000000000000
000000000000000000000000
000000000000000000000000
000000000000000000000000
000000000000000000000000
000000000000000000000000
start_draw_0:
000000000000000000000000
000000000000000000000000
000000000000000000000000
000000000000000000000000
000000000000111111111110
000000000000111111111110
000000000000110000000000
000000000000110000000000
000000000000110000000000
000000000001110000000000
000000000001110000000000
000000000001110000000000
000000000001100000000000
000000000001111110000000
000000000001111111100000
000000000000000111110000
000000000000000011111000
000000000000000000111000
000000000000000000111000
000000000000000001111000
000000000000001111110000
000000000011111111100000
000000000011111110000000
000000000000000000000000
000000000000000000000000
000000000000000000000000
000000000000000000000000
000000000000000000000000
000000000000000000000000
000000000000000000000000
000000000000000000000000
000000000000000000000000
000000000000000000000000
000000000000000000000000
000000000000000000000000
000000000000000000000000
start_draw_0:
000000000000000000000000
000000000000000000000000
000000000000000000000000
000000000000000000000000
000001111000000000000000
000111111000000000000000
000111110000000000000000
000110000000000000000000
000110000000000000000000
000110000000000000000000
000110000000000000000000
000110000000000000000000
000111000000000000000000
000111111100000000000000
000111111111000000000000
000000001111000000000000
000000000111000000000000
000000000011000000000000
100000001111000000000000
111111111111000000000000
111111111110000000000000
001111111000000000000000
000000000000000000000000
000000000000000000000000
000000000000000000000000
000000000000000000000000
000000000000000000000000
000000000000000000000000
000000000000000000000000
000000000000000000000000
000000000000000000000000
000000000000000000000000
000000000000000000000000
000000000000000000000000
000000000000000000000000
000000000000000000000000
start_draw_0:
000000000000000000000000
000000000000000000000000
000000000000000000000000
000000000000000000000000
000000000000000000000000
000000000000000000000000
000000000000000000000000
000000000000000000000000
000000000000000000000000
000000000000000000000000
000000000000000000000000
000000001111000000000000
000000011111111111100000
000000011101111111100000
000000011101100000000000
000000011000000000000000
000000011000000000000000
000000011111111100000000
000000011111111111000000
000000011111011111100000
000000011100000111110000
000000000000000011110000
000000000000000001111000
001110000000000000111000
001111100000000000111000
000111111110000111111000
000011111111111111110000
000000001111111111000000
000000000000000000000000
000000000000000000000000
000000000000000000000000
000000000000000000000000
000000000000000000000000
000000000000000000000000
000000000000000000000000
000000000000000000000000
start_draw_0:
000000000000000000000000
000000000000000000000000
000000000000000000000000
000000000000000000000000
000000000000000000000000
000000000000000000000000
000000000000000000000000
000000000111111111111100
000000011111111111111100
000000011111100000011100
000000011000000000000000
000000111000000000000000
000000111000000000000000
000000111000000000000000
000000110000000000000000
000000110000000000000000
000000110000000000000000
000001110000000000000000
000001111111111100000000
000001111111111111000000
000000000000011111100000
000000000000000111110000
000000000000000001111000
000000000000000000111100
000000000000000000011100
000000000000000000001100
000000000000000000011100
000000000000000011111100
000000000001111111111000
000000000001111111110000
000000000000000000000000
000000000000000000000000
000000000000000000000000
000000000000000000000000
000000000000000000000000
000000000000000000000000
start_draw_0:
000000000000000000000000
000000000000000000000000
000000000000000000000000
000000000000000000000000
000000000000000000000000
000000000000000000000000
000000000000000000000000
000000000000000000000000
000000000000000000000000
000000000000000000000000
000111111111111110000000
000111111111111110000000
000111000000000000000000
000110000000000000000000
000110000000000000000000
000110000000000000000000
001110000000000000000000
001110000000000000000000
001111111100000000000000
001111111111000000000000
000000011111110000000000
000000000011111000000000
000000000001111100000000
000000000000011100000000
000000000000011100000000
000000000000011100000000
111000000000111100000000
111111111111111100000000
111111111111111000000000
000000000000000000000000
000000000000000000000000
000000000000000000000000
000000000000000000000000
000000000000000000000000
000000000000000000000000
000000000000000000000000
start_draw_0:
000000000000000000000000
000000000000000000000000
000000000000000000000000
000000000000000000000000
000000001111111111111110
000000001111111111111110
000000011111111111110000
000000011100000000000000
000000011100000000000000
000000011000000000000000
000000011000000000000000
000000011111000000000000
000000011111111110000000
000000011111111111100000
000000000000000111110000
000000000000000001110000
000000000000000000110000
000000000000000000110000
000000000000000000111000
000000000000000000111000
000000000000000001110000
000000000000000001110000
000000000000000111100000
000000011100001111100000
000000011111111111000000
000000001111111100000000
000000000011100000000000
000000000000000000000000
000000000000000000000000
000000000000000000000000
000000000000000000000000
000000000000000000000000
000000000000000000000000
000000000000000000000000
000000000000000000000000
000000000000000000000000
start_draw_0:
000000000000000000000000
000000000000000000000000
000000000000000000000000
000000000000000000000000
000000000000000000000000
000000000000000000000000
000000000000000000000000
000000000000000000000000
000000000000000000000000
000000000000000000000000
000000000000000000000000
000000000000000000000000
000000000000000000000000
000000000000000000000000
000000000000000000000000
000000000000000000000000
000000000000000111000000
000110111111111111000000
000111111111111111000000
000111110000000000000000
000110000000000000000000
000110000000000000000000
000110000000000000000000
000110000000000000000000
000111111111100000000000
000111111111110000000000
000111100001110000000000
000000000000110000000000
000000000000110000000000
011100000011110000000000
011111111111110000000000
011111111111100000000000
000111111100000000000000
000000000000000000000000
000000000000000000000000
000000000000000000000000
start_draw_0:
000000000000000000000000
000000000000000000000000
000000000000000000000000
000000000000000000000000
000000000000000000000000
000000000000000000000000
000000000000000000000000
000000000000000000000000
000000000000000000000000
000000000000000000000000
000000000000000000000000
000000000000000000000000
000000000000000000000000
000000000000000000000000
000000000000000000000000
000111111111111111100000
000111111111111111100000
000111000000000000000000
000110000000000000000000
000110000000000000000000
000110000000000000000000
000110000000000000000000
000110000000000000000000
000110000000000000000000
000111111111111100000000
000111111111111111100000
000000000000011111100000
000000000000000011100000
000000110000000011100000
000000111110001111100000
000000111111111111000000
000000001111111110000000
000000000000000000000000
000000000000000000000000
000000000000000000000000
000000000000000000000000
start_draw_0:
000000000000000000000000
000000000000000000000000
000000000000000000000000
000000000000000000000000
000011111111111100000000
000111111111111100000000
000111000000000000000000
000110000000000000000000
000110000000000000000000
000111111100000000000000
000111111111100000000000
000111111111110000000000
000000000011110000000000
000000000001110000000000
000000000001110000000000
000000000001110000000000
000000000111110000000000
000000011111100000000000
000000011111000000000000
000000000000000000000000
000000000000000000000000
000000000000000000000000
000000000000000000000000
000000000000000000000000
000000000000000000000000
000000000000000000000000
000000000000000000000000
000000000000000000000000
000000000000000000000000
000000000000000000000000
000000000000000000000000
000000000000000000000000
000000000000000000000000
000000000000000000000000
000000000000000000000000
000000000000000000000000
start_draw_0:
000000000000000000000000
000000000000000000000000
000000000000000000000000
000000000000000000000000
000000000000000011000000
000000000000001111000000
000000000000011111000000
000000000000111110000000
000000000011111000000000
000000000111110000000000
000000011111000000000000
000000011111100000000000
000000011111111110000000
000000000011111111100000
000000000000001111110000
000000000000000011110000
000000000000000011110000
000000000000011111110000
000000001111111111100000
000000001111111110000000
000000000000000000000000
000000000000000000000000
000000000000000000000000
000000000000000000000000
000000000000000000000000
000000000000000000000000
000000000000000000000000
000000000000000000000000
000000000000000000000000
000000000000000000000000
000000000000000000000000
000000000000000000000000
000000000000000000000000
000000000000000000000000
000000000000000000000000
000000000000000000000000
start_draw_0:
000000000000000000000000
000000000000000000000000
000000000000000000000000
000000000000000000000000
000000000000000000000000
000000111111110000000000
000000111111110000000000
000000111111110000000000
000000110000000000000000
000000110000000000000000
000000110000000000000000
000000110000000000000000
000000110000000000000000
000000111100000000000000
000000111110000000000000
000000011111000000000000
000000000111100000000000
000000000011100000000000
000000000001110000000000
000000000001110000000000
000000000111110000000000
000011111111100000000000
000011111111000000000000
000000000000000000000000
000000000000000000000000
000000000000000000000000
000000000000000000000000
000000000000000000000000
000000000000000000000000
000000000000000000000000
000000000000000000000000
000000000000000000000000
000000000000000000000000
000000000000000000000000
000000000000000000000000
000000000000000000000000
start_draw_0:
000000000000000000000000
000000000000000000000000
000000000000000000000000
000000000000000000000000
000000000000000000000000
000000000000000000000000
000000000000011110000000
000000000011111110000000
000000001111111100000000
000000001111100000000000
000000001110000000000000
000000001110000000000000
000000001110000000000000
000000000110000000000000
000000000111000000000000
000000000111000000000000
000000000011100000000000
000000000011100000000000
000000000011111111000000
000000000001111111000000
000000000001110011100000
000000000000000011100000
000000000000000011100000
000000000000000001100000
000000000000000001100000
000000000000000011100000
000000000011111111100000
000000000011111111000000
000000000000000000000000
000000000000000000000000
000000000000000000000000
000000000000000000000000
000000000000000000000000
000000000000000000000000
000000000000000000000000
000000000000000000000000
start_draw_0:
000000000000000000000000
000000000000000000000000
000000000000000000000000
000000000000000000000000
011111110000000000000000
111111110000000000000000
111100000000000000000000
110000000000000000000000
100000000000000000000000
100000000000000000000000
111111111000000000000000
111111111110000000000000
111110111111000000000000
000000000111000000000000
000000000111000000000000
000000000111000000000000
000000000111000000000000
000000001111000000000000
000000011110000000000000
001111111100000000000000
001111111000000000000000
000000000000000000000000
000000000000000000000000
000000000000000000000000
000000000000000000000000
000000000000000000000000
000000000000000000000000
000000000000000000000000
000000000000000000000000
000000000000000000000000
000000000000000000000000
000000000000000000000000
000000000000000000000000
000000000000000000000000
000000000000000000000000
000000000000000000000000
start_draw_0:
000000000000000000000000
000000000000000000000000
000000000000000000000000
000000000000000000000000
000000111111110000000000
000001111111110000000000
000011111111110000000000
000011000000000000000000
000011000000000000000000
000011100000000000000000
000011100000000000000000
000001111111000000000000
000001111111110000000000
000001111111111000000000
000000000001111000000000
000000000000011000000000
000000000000011000000000
000000000001111000000000
000000000111111000000000
000000001111110000000000
000000001111000000000000
000000000000000000000000
000000000000000000000000
000000000000000000000000
000000000000000000000000
000000000000000000000000
000000000000000000000000
000000000000000000000000
000000000000000000000000
000000000000000000000000
000000000000000000000000
000000000000000000000000
000000000000000000000000
000000000000000000000000
000000000000000000000000
000000000000000000000000
start_draw_0:
000000000000000000000000
000000000000000000000000
000000000000000000000000
000000000000000000000000
000000000000000000000000
000000000000000000000000
000000000000000000000000
000000000000000000000000
000000000000000000000000
000000000000000000000000
000000000000000000000000
000000000000000000000000
000000000000000000000000
000000000000000000000000
000000000000000000000000
000000000000111111100000
000000000011111111100000
000000000111111000000000
000000000111000000000000
000000011110000000000000
000000011110000000000000
000000011110000000000000
000000001110000000000000
000000001110000000000000
000000000111111100000000
000000000111111111000000
000000000011001111000000
000000000000000111000000
000000000000000011000000
000000110000000111000000
000000111111111111000000
000000111111111110000000
000000000011111100000000
000000000000000000000000
000000000000000000000000
000000000000000000000000
start_draw_0:
000000000000000000000000
000000000000000000000000
000000011110000000000000
000000011111111000000000
000001111111111111111100
000011110000111111111100
000011100000000000011100
000011100000000000000000
000011000000000000000000
000011000000000000000000
000011000000000000000000
000011000000000000000000
000011000000000000000000
000011000000000000000000
000011111111111000000000
000011111111111110000000
000011000000111111100000
000000000000001111111000
000000000000000011111100
000000000000000000111100
000000000000000000011110
000000000000000000001111
000000000000000000000111
000000000000000000000011
000000000000000000000011
000000000000000000000011
000000000000000000000011
000000000000000000000001
000000000000000000000001
000000001111000000000011
000000001111111111111111
000000000111111111111111
000000000000000000000000
000000000000000000000000
000000000000000000000000
000000000000000000000000
start_draw_0:
000000000000000000000000
000000000000000000000000
000000000000000000000000
000001111100000000000000
000001111111100000000000
000001111111111100000000
000001110011111111110000
000001100000011111111000
000001100000000001111000
000001100000000000000000
000001100000000000000000
000001100000000000000000
000001100000000000000000
000001100000000000000000
000001100000000000000000
000001111111111110000000
000001111111111111110000
000000000000001111111000
000000000000000001111100
000000000000000000011100
000000000000000000001100
000000000000000000001100
000000000000000000001100
000000000000000000011100
000000000000000000011100
000000000000000000111100
000000000000000001111000
000000011000000111110000
000000011111111111100000
000000011111111111000000
000000000000000000000000
000000000000000000000000
000000000000000000000000
000000000000000000000000
000000000000000000000000
000000000000000000000000
start_draw_0:
000000000000000000000000
000000000000000000000000
000000000000000000000000
000000000000111110000000
000000011111111110000000
000001111111111100000000
000001111100000000000000
000001110000000000000000
000001100000000000000000
000001100000000000000000
000001100000000000000000
000001110000000000000000
000001110000000000000000
000001110000000000000000
000001110000000000000000
000000110000011111100000
000000110001111111100000
000000111011111111100000
000000111111110001100000
000000011111100001100000
000000011110000001100000
000000000000000001100000
000000000000000001100000
000000000000000001100000
000000000000000001100000
000000000000000001100000
000000000000000011100000
000000110000000111100000
000000111111111111000000
000000111111111110000000
000000000011110000000000
000000000000000000000000
000000000000000000000000
000000000000000000000000
000000000000000000000000
000000000000000000000000
start_draw_0:
000000000000000000000000
000000000000000000000000
000000000000000000000000
000000000000000000000000
000000000000000000000000
000000000000000000000000
000111111111111111110000
000111111111111111111000
000111000000000001111000
000110000000000000000000
000110000000000000000000
000111111100000000000000
000111111111100000000000
000111111111110000000000
000000000011111000000000
000000000000111100000000
000000000000011110000000
000000000000001111000000
000000000000000111000000
000000000000000111000000
000000000000000011100000
000000000000000011100000
000000000000000001100000
000000000000000011100000
000000000000000111100000
000001111111111111000000
000001111111111110000000
000000000000000000000000
000000000000000000000000
000000000000000000000000
000000000000000000000000
000000000000000000000000
000000000000000000000000
000000000000000000000000
000000000000000000000000
000000000000000000000000
start_draw_0:
000000000000000000000000
000000000000000000000000
000000000000000000000000
000000000000000000000000
000000011111111000000000
011111111111111000000000
111111111100000000000000
111000000000000000000000
111000000000000000000000
011000000000000000000000
011100000000000000000000
011100000000000000000000
001111111110000000000000
001111111111100000000000
000000001111100000000000
000000000011100000000000
000000000001100000000000
000000000001110000000000
000000000001110000000000
000000000001110000000000
000000000001110000000000
000000000001110000000000
000000000001110000000000
000000000011110000000000
000011111111100000000000
000011111111000000000000
000000111110000000000000
000000000000000000000000
000000000000000000000000
000000000000000000000000
000000000000000000000000
000000000000000000000000
000000000000000000000000
000000000000000000000000
000000000000000000000000
000000000000000000000000
start_draw_0:
000000000000000000000000
000000000000000000000000
000000000000000000000000
000000000000000000000000
000000000000000000000000
000000011111111111110000
000000111111111111111000
000000111000000011111000
000000111100000000000000
000000011100000000000000
000000011100000000000000
000000001100000000000000
000000001100000000000000
000000001110000000000000
000000001111111100000000
000000001111111111000000
000000000111111111100000
000000000000000111110000
000000000000000011111000
000000000000000000111000
000000000000000000011100
000000000000000000011110
000000000000000000001110
000000000000000000000111
000000000000000000000111
000000000000000000000111
000000000000000000000011
000000000000000000000011
000000000000000000000011
000000000000000000000001
000000000000111111000011
000000000000111111111111
000000000000000011111111
000000000000000000000000
000000000000000000000000
000000000000000000000000
start_draw_0:
000000000000000000000000
000000000000000000000000
000000000000000000000000
000000000000000000000000
000011000000001110000000
000111111111111110000000
000111111111111110000000
000011000000000000000000
000011000000000000000000
000011000000000000000000
000011000000000000000000
000011000000000000000000
000011000000000000000000
000011111111111100000000
000011111111111111000000
000011111000011111100000
000000000000000011100000
000000000000000011100000
000000000000000011100000
000000000000000011100000
000000000000000111000000
000000000000001111000000
000000000000011110000000
000000000001111110000000
000000011111111000000000
000000011111110000000000
000000011110000000000000
000000000000000000000000
000000000000000000000000
000000000000000000000000
000000000000000000000000
000000000000000000000000
000000000000000000000000
000000000000000000000000
000000000000000000000000
000000000000000000000000
start_draw_0:
000000000000000000000000
000000000000000000000000
000000000000000000000000
000000000000000000000000
000000000000000000000000
000000000000000000000111
000000000000001111111111
000000000000011111111111
000000000000011110000000
000000000000111000000000
000000000000111000000000
000000000000111000000000
000000000000110000000000
000000000000110000000000
000000000000111111111000
000000000000111111111100
000000000000000000011110
000000000000000000001110
000000000000000000000110
000000000000000000000110
000000000000000000000110
000000000000000000000110
000000000000000000000110
000000000000000000001110
000000000000000000001110
000000000001100000001110
000000000001110000111100
000000000001111111111100
000000000000111111111000
000000000000011111100000
000000000000000000000000
000000000000000000000000
000000000000000000000000
000000000000000000000000
000000000000000000000000
000000000000000000000000
start_draw_0:
000000000000000000000000
000000000000000000000000
000000000000000000000000
000000000000000000000000
000011111111111111100000
000011111111111111100000
000011000000000000000000
000011000000000000000000
000011000000000000000000
000011000000000000000000
000011000000000000000000
000011000000000000000000
000011111111000000000000
000011111111110000000000
000000000011111000000000
000000000000111100000000
000000000000011100000000
000000000000001110000000
000000000000001110000000
000000000000000110000000
000000000000000110000000
000000000000000110000000
000000000000001110000000
000000110000011110000000
000000111111111110000000
000000111111111000000000
000000000000000000000000
000000000000000000000000
000000000000000000000000
000000000000000000000000
000000000000000000000000
000000000000000000000000
000000000000000000000000
000000000000000000000000
000000000000000000000000
000000000000000000000000
start_draw_0:
000000000000000000000000
000000000000000000000000
000000000000000000000000
000000000000000000000000
000000000000000000000000
000000000000000000000000
000000000000000000000000
000000000000000000000000
000000000000000000000000
000000000000000000000000
000000011111111111100000
000001111111111111100000
000001111111111111100000
000000110000000000000000
000000110000000000000000
000000110000000000000000
000000111000000000000000
000000111000000000000000
000000111111111000000000
000000011111111111000000
000000000001111111110000
000000000000000011110000
000000000000000001110000
000000000000000011110000
000000000000001111100000
000000000001111111000000
000001111111111110000000
000001111111110000000000
000000000000000000000000
000000000000000000000000
000000000000000000000000
000000000000000000000000
000000000000000000000000
000000000000000000000000
000000000000000000000000
000000000000000000000000
start_draw_0:
000000000000000000000000
000000000000000000000000
000000000000000000000000
000000000000000000000000
000000000000000000000000
000000000000000000000000
001111111111111100000000
001111111111111100000000
000011000000000000000000
000111000000000000000000
001111000000000000000000
001111000000000000000000
001110000000000000000000
001110000000000000000000
001110000000000000000000
001110000000000000000000
001111111111100000000000
000111111111111000000000
000111000001111100000000
000000000000011100000000
000000000000001110000000
000000000000001110000000
000000000000001110000000
000000000000001110000000
000000001111111110000000
000000001111111100000000
000000000111110000000000
000000000000000000000000
000000000000000000000000
000000000000000000000000
000000000000000000000000
000000000000000000000000
000000000000000000000000
000000000000000000000000
000000000000000000000000
000000000000000000000000
start_draw_0:
000000000000000000000000
000000000000000000000000
000000000000000000000000
000000000000000000000000
000000000000000000000000
000000000000000000000000
000000000000000000000000
000000000000000000000000
000000000111111111111100
000000011111111111111100
000000011111000000000000
000000011000000000000000
000000011000000000000000
000000011000000000000000
000000011000000000000000
000000011000000000000000
000000011000000000000000
000000011111111100000000
000000011111111111000000
000000011111011111100000
000000000000000011100000
000000000000000001100000
000000000000000001100000
000000000000000001100000
000000000000000011100000
000000111100001111100000
000000111111111111100000
000000011111111110000000
000000000000000000000000
000000000000000000000000
000000000000000000000000
000000000000000000000000
000000000000000000000000
000000000000000000000000
000000000000000000000000
000000000000000000000000
start_draw_0:
000000000000000000000000
000000000000000000000000
000000000000000000000000
000000000000000000000000
111110000000000000000000
111111111111111100000000
111111111111111100000000
110000000011111100000000
110000000000000000000000
110000000000000000000000
111000000000000000000000
111000000000000000000000
111111000000000000000000
011111110000000000000000
000111111100000000000000
000001111100000000000000
000000011110000000000000
000000001111000000000000
000000000111000000000000
000000000011100000000000
000000000011100000000000
000000000001100000000000
000000000001100000000000
000000000011100000000000
011111111111100000000000
011111111111000000000000
000000000000000000000000
000000000000000000000000
000000000000000000000000
000000000000000000000000
000000000000000000000000
000000000000000000000000
000000000000000000000000
000000000000000000000000
000000000000000000000000
000000000000000000000000
start_draw_0:
000000000000000000000000
000000000000000000000000
000000000000000000000000
000000000000000000000000
000000000000000000000000
000000000000000000000000
000000111111111111000000
000000111111111111110000
000000110000001111110000
000001110000000000000000
000001110000000000000000
000001100000000000000000
000001100000000000000000
000001100000000000000000
000001110000000000000000
000001111111100000000000
000001111111111000000000
000000000011111100000000
000000000000011110000000
000000000000001110000000
000000000000001110000000
000000000000001110000000
000011111000111110000000
000011111111111100000000
000000111111110000000000
000000000000000000000000
000000000000000000000000
000000000000000000000000
000000000000000000000000
000000000000000000000000
000000000000000000000000
000000000000000000000000
000000000000000000000000
000000000000000000000000
000000000000000000000000
000000000000000000000000
start_draw_0:
000000000000000000000000
000000000000000000000000
000000000000000000000000
000000000000000000000000
000000000000000000000000
000000000000000000000000
000000000000000000000000
000000000000000000000000
000000000000000000000000
000000000000000000000000
000000001111111100000000
000000011111111100000000
000000111110000000000000
000000111000000000000000
000000011000000000000000
000000011000000000000000
000000011000000000000000
000000011000000000000000
000000011000000000000000
000000011111100000000000
000000011111110000000000
000000000011111000000000
000000000000111000000000
000000000000011100000000
000000000000011100000000
000000000000001100000000
000000000000001100000000
000000000000001110000000
000000000000001110000000
000000001100011100000000
000000001111111100000000
000000001111111000000000
000000000000000000000000
000000000000000000000000
000000000000000000000000
000000000000000000000000
start_draw_0:
000000000000000000000000
000000000000000000000000
000000000000000000000000
000000111000000000000000
000000111111111110000000
000000111111111111110000
000000011000001111110000
000000011000000000110000
000000011000000000000000
000000011000000000000000
000000011000000000000000
000000011000000000000000
000000011000000000000000
000000011000000000000000
000000011111111000000000
000000011111111100000000
000000000000111110000000
000000000000001111000000
000000000000000111000000
000000000000000111000000
000000000000000011000000
000000000000000111000000
000000011000001111000000
000000011111111111000000
000000011111111110000000
000000000000000000000000
000000000000000000000000
000000000000000000000000
000000000000000000000000
000000000000000000000000
000000000000000000000000
000000000000000000000000
000000000000000000000000
000000000000000000000000
000000000000000000000000
000000000000000000000000
start_draw_0:
000000000000000000000000
000000000000000000000000
000000000000000000000000
000111110000000000000000
000111111111111111000000
000011111111111111111000
000011100000001111111000
000011100000000000000000
000011000000000000000000
000111000000000000000000
000111000000000000000000
000111000000000000000000
000111111000000000000000
000111111111000000000000
000000011111100000000000
000000000111110000000000
000000000001111000000000
000000000000111000000000
000000000000011100000000
000000000000011100000000
000000000000011100000000
000011111100011100000000
000011111111111100000000
000000011111111000000000
000000000000000000000000
000000000000000000000000
000000000000000000000000
000000000000000000000000
000000000000000000000000
000000000000000000000000
000000000000000000000000
000000000000000000000000
000000000000000000000000
000000000000000000000000
000000000000000000000000
000000000000000000000000
start_draw_0:
000000000000000000000000
000000000000000000000000
000000000000000000000000
000000000000000000000000
000000000000000000000000
000000000000000000000000
000000000000000000000000
000000000000000000000000
000000000000111110000000
000000000111111110000000
000000011111111000000000
000001111111000000000000
000011111000000000000000
000011100000000000000000
000111000000000000000000
000111000000000000000000
000110000000000000000000
000111000000000000000000
000111000000000000000000
000111111111110000000000
000011111111111000000000
000000000000111100000000
000000000000011100000000
000000000000001100000000
000000000000001100000000
000000000000001100000000
000000111000011100000000
000000111110111100000000
000000111111111100000000
000000001111110000000000
000000000000000000000000
000000000000000000000000
000000000000000000000000
000000000000000000000000
000000000000000000000000
000000000000000000000000
start_draw_0:
000000000000000000000000
000000000000000000000000
000000000000000000000000
000000000000000000000000
000000000000000000000000
000000000000000000000000
000000000000000000000000
000000000000000000000000
000000000000000000000000
000000000000000000000000
000000000000001100000000
000111111111111100000000
000111111111111100000000
000110000000000000000000
000110000000000000000000
000110000000000000000000
000110000000000000000000
000110000000000000000000
000111000000000000000000
000111111100000000000000
000111111111100000000000
000000011111111000000000
000000000011111100000000
000000000000111110000000
000000000000001110000000
000000000000000110000000
000110000000000110000000
000111111111111110000000
000111111111111110000000
000000001111111000000000
000000000000000000000000
000000000000000000000000
000000000000000000000000
000000000000000000000000
000000000000000000000000
000000000000000000000000
start_draw_0:
000000000000000000000000
000000000000000000000000
000000000000000000000000
000000000000000000000000
000000000011111100000000
000000000011111111111000
000000000011111111111111
000000000001100000111111
000000000001100000000000
000000000001100000000000
000000000011100000000000
000000000011100000000000
000000000011100000000000
000000000011000000000000
000000000011000000000000
000000000011111000000000
000000000011111110000000
000000000000111111100000
000000000000000111110000
000000000000000011110000
000000000000000001111000
000000000000000000111000
000000000000000000111000
000000001110000001111000
000000001111111111111000
000000001111111111110000
000000000000111111100000
000000000000000000000000
000000000000000000000000
000000000000000000000000
000000000000000000000000
000000000000000000000000
000000000000000000000000
000000000000000000000000
000000000000000000000000
000000000000000000000000
start_draw_0:
000000000000000000000000
000000000000000000000000
000000000000000000000000
000000000000000000000000
000000000000000000000000
000000000001111100000000
000000111111111100000000
000111111111110000000000
001111111000000000000000
001111000000000000000000
000111000000000000000000
000110000000000000000000
000111000000000000000000
000111111111110000000000
000111111111111110000000
000011111101111111000000
000000000000001111100000
000000000000000111100000
000000000000000011100000
000000000000000001100000
000000000000000011100000
000000000000000011100000
000000000000000011100000
000000000000000111000000
000000000000001111000000
000000000000011110000000
000000111111111100000000
000000111111111000000000
000000001111000000000000
000000000000000000000000
000000000000000000000000
000000000000000000000000
000000000000000000000000
000000000000000000000000
000000000000000000000000
000000000000000000000000
start_draw_0:
000000000000000000000000
000000000000000000000000
000000000000000000000000
000000000000000000000000
000000000000000000000000
000000000000000000000000
000000000000000000000000
000000000000000000000000
000000000000000000000000
000000000000000000000000
000000000001111110000000
000000000001111111111000
000000000001111111111110
000000000001110000111110
000000000001110000000000
000000000001110000000000
000000000001110000000000
000000000001100000000000
000000000001111110000000
000000000001111111100000
000000000000001111110000
000000000000000011111000
000000000000000000111100
000000000000000000011100
000000000000000000001100
000000000000000000011100
000000000000000000011100
000000000000111111111100
000000000000111111111000
000000000000000000000000
000000000000000000000000
000000000000000000000000
000000000000000000000000
000000000000000000000000
000000000000000000000000
000000000000000000000000
start_draw_0:
000000000000000000000000
000000000000000000000000
000000000000000000000000
000000000000000000000000
000000000000000000000000
000000000000000000000000
000000000000000000000000
000111111111111100000000
001111111111111100000000
001111000000000000000000
001100000000000000000000
011100000000000000000000
011110000000000000000000
011111110000000000000000
001111111110000000000000
000000111111100000000000
000000000111110000000000
000000000011111000000000
000000000000111100000000
000000000000011100000000
000000000000011100000000
000000000000001100000000
001110000000011100000000
001111110000111100000000
000111111111111100000000
000001111111111000000000
000000000000000000000000
000000000000000000000000
000000000000000000000000
000000000000000000000000
000000000000000000000000
000000000000000000000000
000000000000000000000000
000000000000000000000000
000000000000000000000000
000000000000000000000000
start_draw_0:
000000000000000000000000
000000000000000000000000
000000000000000000000000
000000000000000000000000
000000000001111111111100
000000000001111111111100
000000000001111111111100
000000000001100000000000
000000000001100000000000
000000000001100000000000
000000000001100000000000
000000000001100000000000
000000000001111100000000
000000000001111110000000
000000000000011111000000
000000000000000111000000
000000000000000011000000
000000000000000111000000
000001100000001111000000
000001111111111110000000
000001111111111100000000
000000001111110000000000
000000000000000000000000
000000000000000000000000
000000000000000000000000
000000000000000000000000
000000000000000000000000
000000000000000000000000
000000000000000000000000
000000000000000000000000
000000000000000000000000
000000000000000000000000
000000000000000000000000
000000000000000000000000
000000000000000000000000
000000000000000000000000
start_draw_0:
000000000000000000000000
000000000000000000000000
000000000000000000000000
000000000000000000000000
000000000000000000000000
011111111111100000000000
011111111111100000000000
001100000000000000000000
001100000000000000000000
001100000000000000000000
001100000000000000000000
001100000000000000000000
001100000000000000000000
001100000000000000000000
001100000000000000000000
001100000000000000000000
001111000000000000000000
001111111000000000000000
000011111100000000000000
000000111110000000000000
000000001111000000000000
000000000111100000000000
000000000011100000000000
000000000011000000000000
000000001111000000000000
000011111111000000000000
111111111100000000000000
111111110000000000000000
000000000000000000000000
000000000000000000000000
000000000000000000000000
000000000000000000000000
000000000000000000000000
000000000000000000000000
000000000000000000000000
000000000000000000000000
start_draw_0:
000000000000000000000000
000000000000000000000000
000000000000000000000000
000000000000000000000000
000000000000000000000000
000000000000000000000000
000000000000000000000000
000000000000000000000000
000000000000000000000000
000000000011111111100000
000000000011111111100000
000000000001100000000000
000000000001100000000000
000000000001100000000000
000000000001100000000000
000000000001100000000000
000000000001111110000000
000000000001111111000000
000000000000001111100000
000000000000000011100000
000000000000000011100000
000000000000000001100000
000000000000000001110000
000000000000000001110000
000000000000000001110000
000000000000000011100000
000000011111111111100000
000000011111111111000000
000000000011000000000000
000000000000000000000000
000000000000000000000000
000000000000000000000000
000000000000000000000000
000000000000000000000000
000000000000000000000000
000000000000000000000000
start_draw_0:
000000000000000000000000
000000000000000000000000
000000000000000000000000
000000000000000000000000
000000000000000000000000
000000000000000000000000
000000000000000000111000
000000000011111111111000
000000000011111111111000
000000000011000000000000
000000000011000000000000
000000000011000000000000
000000000011000000000000
000000000011111100000000
000000000011111110000000
000000000011111111000000
000000000000000111000000
000000000000000111000000
000000000000000011100000
000000000000000011100000
000000000000000011100000
000000000000000011100000
000000000000000011100000
000000000000000111100000
000000000000001111000000
000000000001111110000000
000000000001111100000000
000000000000000000000000
000000000000000000000000
000000000000000000000000
000000000000000000000000
000000000000000000000000
000000000000000000000000
000000000000000000000000
000000000000000000000000
000000000000000000000000
start_draw_0:
000000000000000000000000
000000000000000000000000
000000000000000000000000
000000000000000000000000
000000000000000000000000
000000000000000000000000
000000000011110000000000
000000011111110000000000
000000111111000000000000
000011111000000000000000
000111110000000000000000
000111100000000000000000
000111000000000000000000
000111000000000000000000
000110000000000000000000
000110000000000000000000
000110000000000000000000
000110000000000000000000
000110000000000000000000
000111111111100000000000
000111111111111000000000
000000000001111100000000
000000000000011110000000
000000000000001110000000
000000000000000110000000
000000111000001110000000
000000111111111110000000
000000111111111100000000
000000000111110000000000
000000000000000000000000
000000000000000000000000
000000000000000000000000
000000000000000000000000
000000000000000000000000
000000000000000000000000
000000000000000000000000
start_draw_0:
000000000000000000000000
000000000000000000000000
000000000000000000000000
000000000000000000000000
000000000000000000000000
000000000000000000000000
000000001111111111111000
000000011111111111111000
000000011111111111111000
000000011100000000000000
000000011100000000000000
000000011000000000000000
000000011000000000000000
000000011000000000000000
000000011000000000000000
000000011000000000000000
000000011110000000000000
000000011111100000000000
000000011111111000000000
000000000001111100000000
000000000000111110000000
000000000000001111000000
000000000000000111000000
000000000000000011100000
000000000000000011100000
000000000000000111100000
000000000011111111100000
000000000011111111000000
000000000000000000000000
000000000000000000000000
000000000000000000000000
000000000000000000000000
000000000000000000000000
000000000000000000000000
000000000000000000000000
000000000000000000000000
start_draw_0:
000000000000000000000000
000000000000000000000000
000000000000000000000000
000000000000000000000000
000000000000000000000000
000000001111111110000000
000000111111111110000000
000000111110000000000000
000000011000000000000000
000000011000000000000000
000000011000000000000000
000000011000000000000000
000000011000000000000000
000000011000000000000000
000000011000000000000000
000000011111110000000000
000000011111111100000000
000000011111111110000000
000000000000011111000000
000000000000000111000000
000000000000000011000000
000000000000000011000000
000000000000001111000000
000000011111111111000000
000000011111111110000000
000000000000000000000000
000000000000000000000000
000000000000000000000000
000000000000000000000000
000000000000000000000000
000000000000000000000000
000000000000000000000000
000000000000000000000000
000000000000000000000000
000000000000000000000000
000000000000000000000000
start_draw_0:
000000000000000000000000
000000000000000000000000
000000000000000000000000
000000000000000000000000
000000000000000000000000
000000000000000000000000
000000000000000000000000
000000000000000000000000
000000000000000000000000
000000011111111111000000
000000011111111111110000
000000011100000111110000
000000011000000000000000
000000011000000000000000
000000011000000000000000
000000011111111100000000
000000011111111111000000
000000000000011111100000
000000000000000011110000
000000000000000001110000
000000000000000000110000
000000000000000001110000
000000000000000011110000
000000000000000111110000
000000000111111111100000
000000000111111110000000
000000000000000000000000
000000000000000000000000
000000000000000000000000
000000000000000000000000
000000000000000000000000
000000000000000000000000
000000000000000000000000
000000000000000000000000
000000000000000000000000
000000000000000000000000
start_draw_0:
000000000000000000000000
000000000000000000000000
000000000000000000000000
000000000000000000000000
000011110000000000000000
000011111110000000000000
000011111111100000000000
000011101111111000000000
000011000011111100000000
000011000000111100000000
000011000000001100000000
000011000000000000000000
000011000000000000000000
000011000000000000000000
000011110000000000000000
000011111111100000000000
000011111111111000000000
000000000011111110000000
000000000000011110000000
000000000000001111000000
000000000000000111000000
000011111111111111000000
000011111111111111000000
000000000000000000000000
000000000000000000000000
000000000000000000000000
000000000000000000000000
000000000000000000000000
000000000000000000000000
000000000000000000000000
000000000000000000000000
000000000000000000000000
000000000000000000000000
000000000000000000000000
000000000000000000000000
000000000000000000000000
start_draw_0:
000000000000000000000000
000000000000000000000000
000000000000000000000000
000000011111111111100000
000001111111111111100000
000001111110000000000000
000110000000000000000000
000110000000000000000000
000110000000000000000000
001110000000000000000000
001110000000000000000000
001110000000000000000000
001111111110000000000000
001111111111111110000000
000001111111111111100000
000000000000001111110000
000000000000000001110000
000000000000000000111000
000000000000000000111000
000000000000000001111000
000000000000000111110000
000000000000111111100000
000000111111111111000000
000000111111111000000000
000000000000000000000000
000000000000000000000000
000000000000000000000000
000000000000000000000000
000000000000000000000000
000000000000000000000000
000000000000000000000000
000000000000000000000000
000000000000000000000000
000000000000000000000000
000000000000000000000000
000000000000000000000000
start_draw_0:
000000000000000000000000
000000000000000000000000
000000000000000000000000
000000000000000000000000
000000000000000000000000
000000000000000000000000
000000000000000000000000
000000000000000000000000
000000000000000000000000
000000000111111111111000
000000000111111111111000
000000000111000000000000
000000000111000000000000
000000001110000000000000
000000001110000000000000
000000001110000000000000
000000001111111000000000
000000001111111111000000
000000000000111111100000
000000000000000111110000
000000000000000001110000
000000000000000001110000
000000000001110000110000
000000000001111111110000
000000000001111111110000
000000000000011111000000
000000000000000000000000
000000000000000000000000
000000000000000000000000
000000000000000000000000
000000000000000000000000
000000000000000000000000
000000000000000000000000
000000000000000000000000
000000000000000000000000
000000000000000000000000
start_draw_0:
000000000000000000000000
000000000000000000000000
000000000000000000000000
000000000000000000000000
000000000000000000000000
001111110000000000000000
001111111111111000000000
000111111111111000000000
000110000000111000000000
000110000000000000000000
000110000000000000000000
000110000000000000000000
000110000000000000000000
001110000000000000000000
001110000000000000000000
001111100000000000000000
001111111110000000000000
000111111111100000000000
000000001111110000000000
000000000001111000000000
000000000000111100000000
000000000000011100000000
000000000000001100000000
000000000000001100000000
000000000000011100000000
000001111111111100000000
000001111111111000000000
000000011111000000000000
000000000000000000000000
000000000000000000000000
000000000000000000000000
000000000000000000000000
000000000000000000000000
000000000000000000000000
000000000000000000000000
000000000000000000000000
start_draw_0:
000000000000000000000000
000000000000000000000000
000000000000000000000000
000000000000011110000000
000000001111111110000000
000000011111111100000000
000000011110000000000000
000000011000000000000000
000000011000000000000000
000000011000000000000000
000000011000000000000000
000000011000000000000000
000000011000000000000000
000000011000000000000000
000000011111110000000000
000000011111111110000000
000000000011111111110000
000000000000000111111000
000000000000000001111000
000000000000000000111000
000000000000000000011100
000000000000000000111100
000000111100111111111000
000000111111111111111000
000000001111111111000000
000000000000000000000000
000000000000000000000000
000000000000000000000000
000000000000000000000000
000000000000000000000000
000000000000000000000000
000000000000000000000000
000000000000000000000000
000000000000000000000000
000000000000000000000000
000000000000000000000000
start_draw_0:
000000000000000000000000
000000000000000000000000
000000000000000000000000
000000000000000000000000
000000000000000000000000
000000000000000000000000
000000000000000000000000
000000000000000000000000
000000011111111111110000
000001111111111111110000
000001111000000000110000
000001111000000000000000
000000011000000000000000
000000011000000000000000
000000011000000000000000
000000011000000000000000
000000011111111000000000
000000011111111111000000
000000011111111111110000
000000000000000111111000
000000000000000001111000
000000000000000000111100
000000000000000000011100
000000111110000000111100
000000111111111111111100
000000001111111111111000
000000000000011110000000
000000000000000000000000
000000000000000000000000
000000000000000000000000
000000000000000000000000
000000000000000000000000
000000000000000000000000
000000000000000000000000
000000000000000000000000
000000000000000000000000
start_draw_0:
000000000000000000000000
000000000000000000000000
000000000000000000000000
000000000000000000000000
000000000000000000000000
000000000000000000000000
000000000000000000000000
000000000000000000000000
000000000000000000000000
000000000000000000000000
000000000000000000000000
001110111111110000000000
001111111111110000000000
001111111110000000000000
000001100000000000000000
000001100000000000000000
000001100000000000000000
000001100000000000000000
000001111111100000000000
000001111111111100000000
000001111111111110000000
000000000000011111000000
000000000000000111000000
000000000000000011000000
000000000000000111000000
000001111000011111000000
000001111111111110000000
000000011111111100000000
000000000000000000000000
000000000000000000000000
000000000000000000000000
000000000000000000000000
000000000000000000000000
000000000000000000000000
000000000000000000000000
000000000000000000000000
start_draw_0:
000000000000000000000000
000000000000000000000000
000000000000000000000000
000000000000001111000000
000000000011111111000000
000000001111111111000000
000000001111000000000000
000000001100000000000000
000000001100000000000000
000000011000000000000000
000000011000000000000000
000000011000000000000000
000000011000000000000000
000000011000000000000000
000000011000000000000000
000000011000000000000000
000000011111111111111000
000000011111111111111100
000000000000000000111110
000000000000000000001111
000000000000000000000111
000000000000000000000111
000000111100000000001111
000000111111111111111110
000000011111111111111110
000000000001111110000000
000000000000000000000000
000000000000000000000000
000000000000000000000000
000000000000000000000000
000000000000000000000000
000000000000000000000000
000000000000000000000000
000000000000000000000000
000000000000000000000000
000000000000000000000000
start_draw_0:
000000000000000000000000
000000000000000000000000
000000000000000000000000
000000000000000000000000
000000000000000000000000
000000000000000000000000
000000000000000000000000
000000011111111000000000
000000011111111111100000
000000011001111111100000
000000011000000000000000
000000011000000000000000
000000011000000000000000
000000011000000000000000
000000011000000000000000
000000011000000000000000
000000011000000000000000
000000011000000000000000
000000011000000000000000
000000011000000000000000
000000011000000000000000
000000011000000000000000
000000011111100000000000
000000011111111000000000
000000011101111110000000
000000011000011111000000
000000000000001111000000
000000000000000111100000
000000000000000011100000
000000000000000011100000
000000000001111111100000
000000000001111111100000
000000000000000000000000
000000000000000000000000
000000000000000000000000
000000000000000000000000
start_draw_0:
000000000000000000000000
000000000000000000000000
000000000000000000000000
000000000011111000000000
000011111111111000000000
000111111111100000000000
000111100000000000000000
000110000000000000000000
000110000000000000000000
000110000000000000000000
000110000000000000000000
000110000000000000000000
000111000000000000000000
000111111111000000000000
000011111111100000000000
000000000111100000000000
000000000011100000000000
000000000011100000000000
011111111111100000000000
011111111111100000000000
000111111100000000000000
000000000000000000000000
000000000000000000000000
000000000000000000000000
000000000000000000000000
000000000000000000000000
000000000000000000000000
000000000000000000000000
000000000000000000000000
000000000000000000000000
000000000000000000000000
000000000000000000000000
000000000000000000000000
000000000000000000000000
000000000000000000000000
000000000000000000000000
start_draw_0:
000000000000000000000000
000000000000000000000000
000000000000000000000000
000000001111100000000000
000000001111111111110000
000000001111111111110000
000000001100000000000000
000000001100000000000000
000000001100000000000000
000000001100000000000000
000000001100000000000000
000000001100000000000000
000000001111110000000000
000000001111111100000000
000000000001111111000000
000000000000001111100000
000000000000000111100000
000000000000000001110000
000000000000000001110000
000000000000000001110000
000000000000000011110000
000000111111111111100000
000000111111111111000000
000000001111111000000000
000000000000000000000000
000000000000000000000000
000000000000000000000000
000000000000000000000000
000000000000000000000000
000000000000000000000000
000000000000000000000000
000000000000000000000000
000000000000000000000000
000000000000000000000000
000000000000000000000000
000000000000000000000000
start_draw_0:
000000000000000000000000
000000000000000000000000
000000000000000000000000
000000000000000000000000
000000000000000000000000
000000000000000000000000
000000000000000000000000
000000000000000000000000
000000000000000000000000
000000000000000000000000
000000000000000000000000
000000011111000000000000
111111111111000000000000
111111111110000000000000
111000000000000000000000
011000000000000000000000
011000000000000000000000
011000000000000000000000
011000000000000000000000
011111111100000000000000
011111111111100000000000
011111101111110000000000
000000000011110000000000
000000000001110000000000
000000000000110000000000
000000000000111000000000
000000000000111000000000
000000000000111000000000
000000000000111000000000
000001111111111000000000
000001111111110000000000
000000111111100000000000
000000000000000000000000
000000000000000000000000
000000000000000000000000
000000000000000000000000
start_draw_0:
000000000000000000000000
000000000000000000000000
000000000000000000000000
000000000000000000000000
000000000000000000000000
000000000000000000000000
000000000000000000000000
000000000000000000000000
000000000000000000000000
000000000000000000000000
000000000000000000000000
000000000000000000000000
000000000000001111000000
000000000111111111000000
000000011111111111000000
000000011110000000000000
000000011000000000000000
000000011000000000000000
000000011000000000000000
000000011000000000000000
000000011100000000000000
000000011111111110000000
000000001111111111100000
000000000000000111110000
000000000000000001110000
000000000000000000110000
000000000000000000110000
000000000000000001110000
000000000000000001110000
000000000000000111100000
000000000001111111100000
000000000001111111000000
000000000001111100000000
000000000000000000000000
000000000000000000000000
000000000000000000000000
start_draw_0:
000000000000000000000000
000000000000000000000000
000000000000000000000000
000000000000000000000000
000000000000000000000000
000001101111111000000000
000011111111111000000000
000011111111111000000000
000011100000000000000000
000011100000000000000000
000011000000000000000000
000011000000000000000000
000011111111000000000000
000011111111110000000000
000000000111111000000000
000000000000111100000000
000000000000011110000000
000000000000001110000000
000000000000001110000000
000000000000001110000000
000000000000001110000000
000000000000011110000000
000000000011111100000000
000000011111111000000000
000000011111100000000000
000000000000000000000000
000000000000000000000000
000000000000000000000000
000000000000000000000000
000000000000000000000000
000000000000000000000000
000000000000000000000000
000000000000000000000000
000000000000000000000000
000000000000000000000000
000000000000000000000000
start_draw_0:
000000000000000000000000
000000000000000000000000
000000000000000000000000
000000000000000000000000
000000000000000000000000
000000000000000000000000
000000000000000000000000
000000000000000000000000
000000000000000000000000
000000000000000000000000
000000000000000000000000
000000000000000000000000
000000000000000000000000
000000000000000000000000
000000000000001111111111
000000000000001111111111
000000000000000111000000
000000000000000110000000
000000000000001110000000
000000000000001110000000
000000000000001110000000
000000000000001111111000
000000000000001111111110
000000000000000000011111
000000000000000000000111
000000000000000000000011
000000000000000000000011
000000000000000000000011
000000000000110000001111
000000000000111111111111
000000000000111111111100
000000000000000000000000
000000000000000000000000
000000000000000000000000
000000000000000000000000
000000000000000000000000
start_draw_0:
000000000000000000000000
000000000000000000000000
000000000000000000000000
000000000000000000000000
000000000000000000000000
000000000000000000000000
000000000000000000000000
000000000000000000000000
000000000000000000000000
000000000000000000000000
000000000000000000000000
000000000000000000000000
001111111111111100000000
011111111111111100000000
011110000000000000000000
011000000000000000000000
011000000000000000000000
011000000000000000000000
011000000000000000000000
011111111000000000000000
011111111111000000000000
000000111111110000000000
000000000111110000000000
000000000001111000000000
000000000000111000000000
000000000000011000000000
000000000000111000000000
000000000000111000000000
000000000011111000000000
000011111111110000000000
000011111111100000000000
000001111100000000000000
000000000000000000000000
000000000000000000000000
000000000000000000000000
000000000000000000000000
start_draw_0:
000000000000000000000000
000000000000000000000000
000011111110000000000000
000011111111111000000000
000001111111111000000000
000001100000000000000000
000001100000000000000000
000001100000000000000000
000001100000000000000000
000001100000000000000000
000001100000000000000000
000001100000000000000000
000001100000000000000000
000001100000000000000000
000001111111111000000000
000001111111111110000000
000000000000111111000000
000000000000000111000000
000000000000000011000000
000001110000000111000000
000001111110001111000000
000001111111111111000000
000000001111111110000000
000000000000000000000000
000000000000000000000000
000000000000000000000000
000000000000000000000000
000000000000000000000000
000000000000000000000000
000000000000000000000000
000000000000000000000000
000000000000000000000000
000000000000000000000000
000000000000000000000000
000000000000000000000000
000000000000000000000000
start_draw_0:
000000000000000000000000
000000000000000000000000
000000000000000000000000
000000000000000000000000
000000000000000000000000
000000000000000000000000
000000000000000000000000
000000000000000000000000
000000000000000000000000
000000000000000000000000
000000011111100000000000
000000011111111111111000
000000011111111111111000
000000011000000001111000
000000011000000000000000
000000011000000000000000
000000011000000000000000
000000011000000000000000
000000011100000000000000
000000011111111110000000
000000011111111111100000
000000000000001111110000
000000000000000011111000
000000000000000000111000
000000111100000000011000
000000111111100000111000
000000011111111111111000
000000000001111111110000
000000000000000000000000
000000000000000000000000
000000000000000000000000
000000000000000000000000
000000000000000000000000
000000000000000000000000
000000000000000000000000
000000000000000000000000
start_draw_0:
000000000000000000000000
000000000000000000000000
000000000000000000000000
000000000000000000000000
000011111111000000000000
000111111111000000000000
000111100000000000000000
000110000000000000000000
000110000000000000000000
000110000000000000000000
000111000000000000000000
000111111000000000000000
000011111100000000000000
000000011110000000000000
000000001110000000000000
000000000110000000000000
000000000110000000000000
000000000110000000000000
000000000110000000000000
011110000110000000000000
011111111110000000000000
000111111110000000000000
000000000000000000000000
000000000000000000000000
000000000000000000000000
000000000000000000000000
000000000000000000000000
000000000000000000000000
000000000000000000000000
000000000000000000000000
000000000000000000000000
000000000000000000000000
000000000000000000000000
000000000000000000000000
000000000000000000000000
000000000000000000000000
start_draw_0:
000000000000000000000000
000000000000000000000000
000000000000000000000000
000000000000000000000000
000000000000000000000000
000000000000000000000000
000000000000011111111111
000000000000011111111111
000000000000000011100000
000000000000000111000000
000000000000000111000000
000000000000000111000000
000000000000000110000000
000000000000000111100000
000000000000000111110000
000000000000000011111000
000000000000000000111000
000000000000000000111000
000000000000000000011100
000000000000000000011100
000000000000000000111100
000000000000000001111000
000000000000000111111000
000000000001111111110000
000000000001111110000000
000000000000000000000000
000000000000000000000000
000000000000000000000000
000000000000000000000000
000000000000000000000000
000000000000000000000000
000000000000000000000000
000000000000000000000000
000000000000000000000000
000000000000000000000000
000000000000000000000000
start_draw_0:
000000000000000000000000
000000000000000000000000
000000000000000000000000
000000000000000000000000
000000000000000000000000
000000000000000000000000
000000000000000000000000
000000000000000000000000
000000000000000000000000
000000000000000000000000
000000000000000000000000
000000000000000000000000
000000000000000000000000
000000000000000000000000
000000001111110000000000
000000111111110000000000
000000111110000000000000
000011111000000000000000
000011110000000000000000
000011110000000000000000
000011110000000000000000
000011100000000000000000
000011111111000000000000
000001111111111100000000
000000111111111110000000
000000000000011111000000
000000000000000111100000
000000000000000011100000
000000000000000011100000
000001110000000001100000
000001111110000111100000
000000111111111111100000
000000000111111111000000
000000000000000000000000
000000000000000000000000
000000000000000000000000
start_draw_0:
000000000000000000000000
000000000000000000000000
000000000000000000000000
000000000000000000000000
000000000000000000000000
000000000000000000000000
000000000000000000000000
000000000000000000000000
000000011000000000000000
000000111000000000000000
000001111111111111100000
000001111111111111100000
000001111000000011100000
000000111000000000000000
000000111000000000000000
000000111000000000000000
000000111000000000000000
000000111000000000000000
000000011100111110000000
000000011111111111000000
000000011111111111100000
000000000000000011100000
000000000000000001100000
000000000000000001100000
000000000000000001100000
000000000000000011100000
000011100000000111100000
000011111000011111000000
000001111111111110000000
000000011111111000000000
000000000000000000000000
000000000000000000000000
000000000000000000000000
000000000000000000000000
000000000000000000000000
000000000000000000000000
start_draw_0:
000000000000000000000000
011000000000000000000000
011110000000000000000000
011111111110000000000000
000111111111000000000000
000011111111000000000000
000011000000000000000000
000011000000000000000000
000011100000000000000000
000011110000000000000000
000011111100000000000000
000000111110000000000000
000000011111000000000000
000000000111000000000000
000000000011000000000000
000000111111000000000000
000000111111000000000000
000000111110000000000000
000000000000000000000000
000000000000000000000000
000000000000000000000000
000000000000000000000000
000000000000000000000000
000000000000000000000000
000000000000000000000000
000000000000000000000000
000000000000000000000000
000000000000000000000000
000000000000000000000000
000000000000000000000000
000000000000000000000000
000000000000000000000000
000000000000000000000000
000000000000000000000000
000000000000000000000000
000000000000000000000000
start_draw_0:
000000000000000000000000
000000000000000000000000
000000000000000000000000
000000000000000000000000
000000000000000000000000
000000000000000000000000
000000000000000000000000
000000000000000000000000
000000000000000000000000
000000000000000000000000
000000000000000000000000
000000000000000000000000
000000000000000000000000
000000000000000110000000
000000000001111110000000
000000000011111110000000
000000000111110000000000
000000000111000000000000
000000000110000000000000
000000000111000000000000
000000000111000000000000
000000000111000000000000
000000000111000000000000
000000000111111100000000
000000000011111110000000
000000000000001110000000
000000000000000110000000
000000000000000110000000
000000000000000110000000
000000000011111110000000
000000000011111110000000
000000000001111100000000
000000000000000000000000
000000000000000000000000
000000000000000000000000
000000000000000000000000
start_draw_0:
000000000000000000000000
000000000000000000000000
000000000000000000000000
000000000000000000000000
000000001111110000000000
000000011111110000000000
000000011111110000000000
000000011000000000000000
000000011000000000000000
000000011000000000000000
000000011000000000000000
000000011000000000000000
000000011000000000000000
000000011000000000000000
000000011111100000000000
000000011111111000000000
000000000001111100000000
000000000000011100000000
000000000000011100000000
000000000000111100000000
000000000011111000000000
000111111111110000000000
000111111111000000000000
000000000000000000000000
000000000000000000000000
000000000000000000000000
000000000000000000000000
000000000000000000000000
000000000000000000000000
000000000000000000000000
000000000000000000000000
000000000000000000000000
000000000000000000000000
000000000000000000000000
000000000000000000000000
000000000000000000000000
start_draw_0:
000000000000000000000000
000000000000000000000000
000000000000000000000000
000000000000000000000000
000000000000000000000000
000000000000000000000000
000000000000000000000000
000000000111111111110000
000000000111111111110000
000000011000000000000000
000000011000000000000000
000000011100000000000000
000000011100000000000000
000000001110000000000000
000000001111111110000000
000000001111111111111000
000000000000000111111100
000000000000000000111110
000000000000000000001110
000000000000000000001110
000000000000000000011110
000000111111111111111110
000000111111111111111100
000000000011111111100000
000000000000000000000000
000000000000000000000000
000000000000000000000000
000000000000000000000000
000000000000000000000000
000000000000000000000000
000000000000000000000000
000000000000000000000000
000000000000000000000000
000000000000000000000000
000000000000000000000000
000000000000000000000000
start_draw_0:
000000000000000000000000
000000000000000000000000
000000000000000000000000
000000000000000000000000
000000000000000000000000
000000000000000000000000
000000000000000000000000
000000000000000000000000
000000000000000000000000
000000000000000000000000
000000000000000000000000
000000000000000000000000
000000000000000000000000
000000000000000000000000
000000000000000000000000
000000000000000000000000
000000000000000000000000
000000000000000000000000
000000000000000000000000
000000011111111110000000
000011111111111110000000
000011111111000000000000
000000011000000000000000
000000011000000000000000
000000011000000000000000
000000111000000000000000
000000111100000000000000
000000111111100000000000
000000001111110000000000
000000000011111000000000
000000000000111100000000
000000000000011110000000
000000000000001110000000
000000000000001110000000
000000011111111110000000
000000011111111100000000
start_draw_0:
000000000000000000000000
000000000000000000000000
000000000000000000000000
000000000000000000000000
000000000000000000000000
000000000000000000000000
000000000000000000000000
000000000000000000000000
000000000000000000000000
000000000000000000000000
000000000000000000000000
000000000000000000000000
000000000000000000000000
000000000000000000000000
000000000000000000000000
000000000000000000000000
000000000000000000000000
000000000000000000000000
000000000000000000000000
000000000000000000000000
000000000000011111111110
000000000000111111111110
000000000000111100000000
000000000000111100000000
000000000000111111111000
000000000000001111111000
000000000000001110111100
000000000000000000011100
000000000000000000001100
000000000000000000001100
000000011000000000011100
000000011111110001111100
000000011111111111111100
000000000001111111110000
000000000000000000000000
000000000000000000000000
start_draw_0:
000000000000000000000000
000000000000000000000000
000000000000000000000000
000000000000000000000000
000000111111111100000000
000011111111111100000000
000011111111111100000000
000001110000000000000000
000001110000000000000000
000001111100000000000000
000001111111000000000000
000000011111100000000000
000000000011110000000000
000000000001110000000000
000000000011110000000000
111111111111110000000000
111111111111000000000000
000000000000000000000000
000000000000000000000000
000000000000000000000000
000000000000000000000000
000000000000000000000000
000000000000000000000000
000000000000000000000000
000000000000000000000000
000000000000000000000000
000000000000000000000000
000000000000000000000000
000000000000000000000000
000000000000000000000000
000000000000000000000000
000000000000000000000000
000000000000000000000000
000000000000000000000000
000000000000000000000000
000000000000000000000000
start_draw_0:
000000000000000000000000
000000000000000000000000
000000000000000000000000
000000000000000000000000
000000000000000000000000
000000001111111111111000
000000011111111111111000
000000011000000000000000
000000011000000000000000
000000011100000000000000
000000011111111100000000
000000011111111111100000
000000000000001111110000
000000000000000011110000
000000000000000001110000
000000000000000000110000
000000000000000001110000
000000000000000011110000
000000000000011111110000
000000000000011111100000
000000000000000000000000
000000000000000000000000
000000000000000000000000
000000000000000000000000
000000000000000000000000
000000000000000000000000
000000000000000000000000
000000000000000000000000
000000000000000000000000
000000000000000000000000
000000000000000000000000
000000000000000000000000
000000000000000000000000
000000000000000000000000
000000000000000000000000
000000000000000000000000
start_draw_0:
000000000000000000000000
000000000000000000000000
000000000000000000000000
000000000000000000000000
000000000000000000000000
000000000000000000000000
000000000000000000000000
000000000000000000000000
000000000000000000000000
000000000000000000000000
000000000000000000000000
000000000000000000000000
000000000000000000000000
000000000000000000000000
000000000000000000000000
000000000000000000000000
000000000000000000000000
000000000000000000000000
000000011100000000000000
011111111111100000000000
011111111111100000000000
011100000000000000000000
011100000000000000000000
001110000000000000000000
001111000000000000000000
000111111110000000000000
000111111111110000000000
000000000111111000000000
000000000001111100000000
000000000000011100000000
000000001110011100000000
000000001111111100000000
000000001111111000000000
000000000111111000000000
000000000000000000000000
000000000000000000000000
start_draw_0:
000000000000000000000000
000000000000000000000000
000000000000000000000000
000000000000000000000000
000000000000000000000000
000000000000000000000000
000000000000000000000000
000000000000000000000000
000000000000000000000000
000000000000000000000000
000000000000000000000000
000000000000000000000000
000000000000000000000000
000000000000000000000000
000000000000000000000000
000000000000000111000000
000000000111111111000000
000000001111111110000000
000000001111100000000000
000000001101100000000000
000000000001100000000000
000000000001100000000000
000000000001111110000000
000000000001111111100000
000000000000000111111000
000000000000000001111100
000000000000000000011111
000000000000000000001111
000000000000000000000111
000000000000000000000011
000000000000000001111111
000000000000000001111111
000000000000000000011111
000000000000000000000000
000000000000000000000000
000000000000000000000000
start_draw_0:
000000000000000000000000
000000000000000000000000
000000000000000000000000
000000000000000000000000
000000000000000000000000
000000000000000000000000
000001111111111111000000
000001111111111111000000
000001100000000011000000
000001100000000000000000
000001100000000000000000
000001100000000000000000
000001100000000000000000
000001111111100000000000
000001111111111000000000
000000000011111110000000
000000000000011110000000
000000000000001111000000
000000000000000111000000
000000000000000111000000
000000000000111111000000
000000001111111111000000
000000001111111000000000
000000000000000000000000
000000000000000000000000
000000000000000000000000
000000000000000000000000
000000000000000000000000
000000000000000000000000
000000000000000000000000
000000000000000000000000
000000000000000000000000
000000000000000000000000
000000000000000000000000
000000000000000000000000
000000000000000000000000
start_draw_0:
000000000000000000000000
000000000000000000000000
000000000000000000000000
000000000000000000000000
000000000000000000000000
000000000000000000000000
000000000001111110000000
000111111111111110000000
000111111111111000000000
000111011100000000000000
000111000000000000000000
000111000000000000000000
000111000000000000000000
000011100000000000000000
000011100000000000000000
000011111000000000000000
000001111111111100000000
000000111111111110000000
000000000000001110000000
000000000000001110000000
000000000000001110000000
000000000000001110000000
000000000000001110000000
000000000000011100000000
000000000000111100000000
000000000001111000000000
000000011111111000000000
000000011111100000000000
000000000000000000000000
000000000000000000000000
000000000000000000000000
000000000000000000000000
000000000000000000000000
000000000000000000000000
000000000000000000000000
000000000000000000000000
start_draw_0:
000000000000000000000000
000000000000000000000000
000000000000000000000000
000000000000000000000000
000000000000000000000000
000000000000000000000000
000001111111110000000000
000001111111110000000000
000001110000000000000000
000001100000000000000000
000001100000000000000000
000001100000000000000000
000001100000000000000000
000001111110000000000000
000001111111100000000000
000000001111110000000000
000000000001111000000000
000000000000111000000000
000000000000011000000000
000000000001111000000000
000001111111111000000000
000001111111110000000000
000000000000000000000000
000000000000000000000000
000000000000000000000000
000000000000000000000000
000000000000000000000000
000000000000000000000000
000000000000000000000000
000000000000000000000000
000000000000000000000000
000000000000000000000000
000000000000000000000000
000000000000000000000000
000000000000000000000000
000000000000000000000000