start_draw_0:
000000000000000000000000
000000000000000000000000
000000000000000000000000
000000000000000000000000
000000000000000000000000
000000001111100000000000
000000111111100000000000
000001111110000000000000
000011110000000000000000
000111100000000000000000
000111000000000000000000
000110000000000000000000
000110000000000000000000
000110000000000000000000
000110000000000000000000
000110000000000000000000
000111111000000000000000
000111111111000000000000
000111111111100000000000
000110000111110000000000
000110000001110000000000
000111000000110000000000
000111000001110000000000
000111000001110000000000
000011100011110000000000
000011100011100000000000
000001111111100000000000
000001111111000000000000
000000111110000000000000
000000000000000000000000
000000000000000000000000
000000000000000000000000
000000000000000000000000
000000000000000000000000
000000000000000000000000
000000000000000000000000
start_draw_0:
000000000000000000000000
000000000000000000000000
000000000000000000000000
000000000000000000000000
000000000000000000000000
000000000000000000000000
000000000000000000000000
000000000000011110000000
000000000001111110000000
000000000011111000000000
000000000111100000000000
000000001111000000000000
000000011110000000000000
000000011111000000000000
000000111111111000000000
000000111111111100000000
000001110000111111000000
000001110000001111100000
000011100000000111110000
000011100000000011110000
000011100000000001110000
000011100000000000110000
000011110000000000111000
000001111000000001111000
000000111111111111111000
000000111111111111110000
000000000001111110000000
000000000000000000000000
000000000000000000000000
000000000000000000000000
000000000000000000000000
000000000000000000000000
000000000000000000000000
000000000000000000000000
000000000000000000000000
000000000000000000000000
start_draw_0:
000000000000000000000000
000000000000000000000000
000000000000111110000000
000000000011111110000000
000000001111110000000000
000000111111000000000000
000000111100000000000000
000001111000000000000000
000011110000000000000000
000111100000000000000000
000111000000000000000000
000111000000000000000000
001110000000000000000000
001110000000000000000000
001110000000000000000000
001100001111111000000000
001100001111111100000000
001100001101111111000000
001100000000001111100000
001100000000000111110000
001100000000000001110000
001110000000000001111000
001110000000000000111000
000111000000000000111000
000111000000000000011000
000111100000000000011000
000011110000000000011000
000001111000000000011000
000000111100000000011000
000000111110000000011000
000000011111000000111000
000000001111111111111000
000000000011111111110000
000000000000011111100000
000000000000000000000000
000000000000000000000000
start_draw_0:
000000000000000000000000
000000000000000000000000
000000000001111000000000
000000000011111000000000
000000000111100000000000
000000001111000000000000
000000001110000000000000
000000011100000000000000
000000011100000000000000
000000111000000000000000
000001111000000000000000
000001110000000000000000
000001110000000000000000
000011100000000000000000
000011100000000000000000
000011100000000000000000
000011000000000000000000
000011011111111000000000
000111111111111110000000
000111111100011111000000
000111000000001111100000
000111000000000011100000
000111000000000011100000
000011000000000001110000
000011100000000001110000
000011100000000000110000
000001110000000000110000
000001111000000000110000
000000111100000000110000
000000011111000001110000
000000011111110001110000
000000000111111111110000
000000000001111111100000
000000000000000000000000
000000000000000000000000
000000000000000000000000
start_draw_0:
000000000000000000000000
000000000000000000000000
000000000001110000000000
000000001111110000000000
000000001111110000000000
000000011110000000000000
000000111100000000000000
000001111000000000000000
000011110000000000000000
000011100000000000000000
000111100000000000000000
000111000000000000000000
000111000000000000000000
001110000000000000000000
001110000000000000000000
011111111111110000000000
011111111111111110000000
111111000000111111000000
111100000000000111100000
111000000000000011110000
110000000000000001111000
110000000000000000111100
110000000000000000011100
110000000000000000011110
110000000000000000001110
111000000000000000001110
111000000000000000001110
011100000000000000001110
011110000000000000001110
001111000000000000001100
000111110000000000001100
000011111100000000011100
000001111111000000111100
000000011111111111111000
000000000011111111110000
000000000000000000000000
start_draw_0:
000000000000000000000000
000000000000000000000000
000000000011111100000000
000000000111111100000000
000000001111000000000000
000000011110000000000000
000000011100000000000000
000000111100000000000000
000000111000000000000000
000001111000000000000000
000001110000000000000000
000001111110000000000000
000011111111111000000000
000011111111111110000000
000011111000111111000000
000111000000000111100000
000111000000000011111000
000111000000000001111000
000111000000000000111100
000111000000000000011100
000111000000000000011110
000011000000000000001110
000011000000000000001110
000011100000000000001100
000011100000000000001100
000011110000000000001100
000001110000000000001100
000000111100000000011100
000000111110000000111100
000000011111000011111000
000000000111111111110000
000000000011111111100000
000000000000000000000000
000000000000000000000000
000000000000000000000000
000000000000000000000000
start_draw_0:
000000000000000000000000
000000000000000000000000
000000000000000000000000
000000000000000000000000
000000000000011111100000
000000000001111111100000
000000000011111111100000
000000000111100000000000
000000001111000000000000
000000011110000000000000
000000111100000000000000
000000111000000000000000
000001111000000000000000
000011110000000000000000
000011100000000000000000
000011111111111000000000
000011111111111110000000
000111111100011111000000
000111000000000111100000
000111000000000011110000
000111000000000001110000
000111000000000001110000
000111000000000000111000
000011100000000000111000
000011100000000000111000
000011100000000000111000
000001111000000000111000
000001111100000000111000
000000111110000001110000
000000001111111111110000
000000000111111111100000
000000000000000000000000
000000000000000000000000
000000000000000000000000
000000000000000000000000
000000000000000000000000
start_draw_0:
000000000000000000000000
000000000000000000000000
000000000000000000000000
000000000111100000000000
000000001111100000000000
000000011111000000000000
000000011110000000000000
000000111100000000000000
000000111000000000000000
000001111000000000000000
000001110000000000000000
000011100000000000000000
000011100000000000000000
000011100000000000000000
000111000000000000000000
000111111111111100000000
000111111111111111000000
000110000000011111110000
000110000000000111111000
000110000000000001111100
000110000000000000011100
001110000000000000011110
001110000000000000001110
001110000000000000001110
000110000000000000001110
000111000000000000001110
000111000000000000001110
000111100000000000011110
000011111000000000011100
000001111100000001111000
000000111111111111111000
000000001111111111110000
000000000111111110000000
000000000000000000000000
000000000000000000000000
000000000000000000000000
start_draw_0:
000000000000000000000000
000000000000000000000000
000000000000000000000000
000000000000111111110000
000000000001111111110000
000000000111111001110000
000000001111100000000000
000000011111000000000000
000000011110000000000000
000000111100000000000000
000001111000000000000000
000011110000000000000000
000011100000000000000000
001111000000000000000000
001111111100000000000000
001111111111000000000000
001110011111110000000000
001110000111111000000000
001100000001111100000000
001100000000011110000000
001100000000001110000000
001110000000000111000000
001110000000000111000000
000111000000000111000000
000111100000001110000000
000011111000111110000000
000001111111111100000000
000000111111110000000000
000000000000000000000000
000000000000000000000000
000000000000000000000000
000000000000000000000000
000000000000000000000000
000000000000000000000000
000000000000000000000000
000000000000000000000000
start_draw_0:
000000000000000000000000
000000000001100000000000
000000000111110000000000
000000000111110000000000
000000001110000000000000
000000011110000000000000
000000011100000000000000
000000111100000000000000
000000111000000000000000
000001111000000000000000
000001110000000000000000
000001110000000000000000
000011100000000000000000
000111111111100000000000
000111111111111000000000
000111000011111100000000
000111000000111110000000
000111000000001110000000
000110000000001111000000
000110000000000111100000
000110000000000011100000
000110000000000011100000
000110000000000001100000
000111000000000001100000
000111000000000001100000
000111100000000011100000
000011100000000011100000
000001110000000111100000
000001111111111111000000
000000111111111110000000
000000000111111000000000
000000000000000000000000
000000000000000000000000
000000000000000000000000
000000000000000000000000
000000000000000000000000
start_draw_0:
000000000000000000000000
000000000000000000000000
000000011111000000000000
000000111111000000000000
000001111000000000000000
000001110000000000000000
000011110000000000000000
000011100000000000000000
000111100000000000000000
000111000000000000000000
000111000000000000000000
000110000000000000000000
000110000000000000000000
000110000000000000000000
000110000000000000000000
000110000000000000000000
001111111111100000000000
001111111111111000000000
001110000011111100000000
000111000000111110000000
000111000000011110000000
000111100000001110000000
000011100000000110000000
000011110000000110000000
000001111000000110000000
000001111000000110000000
000000111111111110000000
000000011111111110000000
000000000111111000000000
000000000000000000000000
000000000000000000000000
000000000000000000000000
000000000000000000000000
000000000000000000000000
000000000000000000000000
000000000000000000000000
start_draw_0:
000000000000000000000000
000000000000000000000000
000000000000000000000000
000000000000000000000000
000000000000000000000000
000000000000001100000000
000000000000111110000000
000000000001111110000000
000000000001110000000000
000000000011100000000000
000000000111100000000000
000000000111000000000000
000000001111000000000000
000000001110000000000000
000000011100000000000000
000000011100000000000000
000000111000000000000000
000000111000000000000000
000000110000000000000000
000001110000000000000000
000001110000000000000000
000011111111100000000000
000111111111110000000000
000111100001111000000000
000001100000111100000000
000001100000011110000000
000001100000001110000000
000001110000000111000000
000001110000000111000000
000000111000000111000000
000000111100000111000000
000000011111111111000000
000000001111111110000000
000000000011111100000000
000000000000000000000000
000000000000000000000000
start_draw_0:
000000000000000000000000
000000000000000000000000
000000000000000000000000
000000000000000000000000
000000011000000000000000
000001111100000000000000
000011111100000000000000
000111100000000000000000
001111000000000000000000
011110000000000000000000
011100000000000000000000
011100000000000000000000
111000000000000000000000
111000000000000000000000
110000000000000000000000
110000011111000000000000
110001111111110000000000
110111111011111000000000
111111100000111100000000
111110000000011100000000
110000000000001110000000
100000000000001111000000
100000000000000111000000
110000000000000011000000
110000000000000011000000
111000000000000011000000
111100000000000011000000
011110000000000011000000
001111100000000111000000
001111111000011111000000
000011111111111110000000
000000111111111100000000
000000000000000000000000
000000000000000000000000
000000000000000000000000
000000000000000000000000
start_draw_0:
000000000000000000000000
000000000000000000000000
000000000000000000000000
000000000000000000000000
000000000000011100000000
000000000000111100000000
000000000001111000000000
000000000011110000000000
000000000111100000000000
000000000111000000000000
000000001111000000000000
000000001110000000000000
000000001100000000000000
000000001100000000000000
000000011111000000000000
000000011111110000000000
000000011111111110000000
000000011100011111000000
000000011100000111100000
000000001100000011110000
000000001100000001111000
000000001110000000111100
000000001110000000011100
000000001111000000001110
000000000111000000001110
000000000111100000001110
000000000011110000000110
000000000001111000000110
000000000000111110000110
000000000000011111111110
000000000000000111111110
000000000000000000000000
000000000000000000000000
000000000000000000000000
000000000000000000000000
000000000000000000000000
start_draw_0:
000000000000000000000000
000000000000000000000000
000000000000000000000000
000000000001111000000000
000000000011111000000000
000000000111100000000000
000000001111000000000000
000000011110000000000000
000000011100000000000000
000000111100000000000000
000000111000000000000000
000001111000000000000000
000001110000000000000000
000001110000000000000000
000111111111110000000000
000111111111111000000000
000111100001111000000000
000011000000111100000000
000011000000011110000000
000011000000001110000000
000011000000000110000000
000011000000000111000000
000011000000000111000000
000011000000000111000000
000011000000000011000000
000011100000000011000000
000011110000000111000000
000001111000000111000000
000000111111111110000000
000000011111111110000000
000000001111111000000000
000000000000000000000000
000000000000000000000000
000000000000000000000000
000000000000000000000000
000000000000000000000000
start_draw_0:
000000000000000000000000
000000000000000000000000
000000000000000000000000
000000000000000000000000
000000000011100000000000
000000000111100000000000
000000001111000000000000
000000011110000000000000
000000111100000000000000
000001111000000000000000
000011110000000000000000
000011100000000000000000
000111100000000000000000
000111000000000000000000
001110000000000000000000
001110111111111000000000
001111111111111110000000
001111110000111111000000
011111000000000111110000
011100000000000011111000
011100000000000001111000
001100000000000000011100
001100000000000000011100
001110000000000000001110
001111000000000000001110
000111100000000000001110
000011111000000000011110
000001111111100000111110
000000111111111111111100
000000000011111111111000
000000000000000000000000
000000000000000000000000
000000000000000000000000
000000000000000000000000
000000000000000000000000
000000000000000000000000
start_draw_0:
000000000000000000000000
000000000000000000000000
000000000000000000000000
000000000000000000000000
000000000000000000000000
000000000111000000000000
000000001111000000000000
000000011111000000000000
000000111100000000000000
000000111000000000000000
000001111000000000000000
000001110000000000000000
000011100000000000000000
000011100001110000000000
000111011111111111000000
000111111111111111100000
000111111000000011111000
000110000000000001111000
000110000000000000111100
000110000000000000011100
000110000000000000011100
000111000000000000001100
000111000000000000001100
000011100000000000001100
000011110000000000011100
000011111000000000111100
000000111111110001111100
000000011111111111111000
000000000001111111100000
000000000000000000000000
000000000000000000000000
000000000000000000000000
000000000000000000000000
000000000000000000000000
000000000000000000000000
000000000000000000000000
start_draw_0:
000000000000000000000000
000000000000000000000000
000000000000000000000000
000000000000000000000000
000000000000001111000000
000000000000111111000000
000000000001111100000000
000000000011111000000000
000000000111110000000000
000000000111100000000000
000000001111000000000000
000000011110000000000000
000000111100000000000000
000000111111000000000000
000000111111111000000000
000001110011111100000000
000001110000111110000000
000001110000011111000000
000001100000000111100000
000001110000000011100000
000001110000000001110000
000001111000000001110000
000000111000000001110000
000000111110000000110000
000000011111000001110000
000000001111111111110000
000000000111111111110000
000000000000111111000000
000000000000000000000000
000000000000000000000000
000000000000000000000000
000000000000000000000000
000000000000000000000000
000000000000000000000000
000000000000000000000000
000000000000000000000000
start_draw_0:
000000000000000000000000
000000000000000000000000
000000000000000000000000
000000000111110000000000
000000001111110000000000
000000011111000000000000
000000111100000000000000
000000111000000000000000
000001110000000000000000
000011110000000000000000
000011100000000000000000
000111100000000000000000
000111000000000000000000
000110000000000000000000
001110000000000000000000
001110000000000000000000
011111110000000000000000
011111111111110000000000
001110111111111100000000
001100000000111111000000
001100000000001111100000
001100000000000011110000
001100000000000001111000
001110000000000000111000
001111000000000000111100
000111000000000000011100
000111100000000000011100
000011111000000000011100
000001111110000000111100
000000111111111111111000
000000001111111111110000
000000000000001110000000
000000000000000000000000
000000000000000000000000
000000000000000000000000
000000000000000000000000
start_draw_0:
000000000000000000000000
000000000000000000000000
000000000000000000000000
000000000000000000000000
000000000011111100000000
000000000111111100000000
000000001111100000000000
000000011110000000000000
000000111100000000000000
000001111000000000000000
000011110000000000000000
000011100000000000000000
000011100000000000000000
000111000000000000000000
000111000000000000000000
000110000000000000000000
000110000000000000000000
000110000000000000000000
000110001111100000000000
001111111111110000000000
001111111111111100000000
001110000000111110000000
001110000000001111000000
001110000000000111000000
000111000000000111100000
000111100000000011100000
000011100000000001100000
000011111000000001110000
000001111100000001110000
000000111110000001110000
000000001111110001110000
000000000111111111100000
000000000000111111100000
000000000000000000000000
000000000000000000000000
000000000000000000000000
start_draw_0:
000000000000000000000000
000000000000000000000000
000000000000000000000000
000000000000111111100000
000000000001111111100000
000000000111111000000000
000000001111100000000000
000000111110000000000000
000001111100000000000000
000001111000000000000000
000011110000000000000000
000011100000000000000000
000111000000000000000000
000111000000000000000000
000110000000000000000000
000110000000000000000000
000111111100000000000000
000111111111110000000000
000111111111111110000000
000110000001111111000000
000110000000001111110000
000110000000000011111000
000111000000000000111100
000111000000000000111100
000011000000000000011100
000011100000000000011100
000011100000000000111000
000011110000000000111000
000001111000000001110000
000001111111001111110000
000000111111111111100000
000000000111111110000000
000000000000000000000000
000000000000000000000000
000000000000000000000000
000000000000000000000000
start_draw_0:
000000000000000000000000
000000000000000000000000
000000000000000000000000
000000011100000000000000
000000011100000000000000
000000111100000000000000
000001111000000000000000
000001110000000000000000
000011110000000000000000
000011100000000000000000
000011100000000000000000
000111000000000000000000
000111111110000000000000
000111111111100000000000
000111100111110000000000
000110000001111000000000
000110000000111000000000
000110000000111000000000
000110000000011100000000
000111000000011100000000
000111000000011100000000
000011100000011100000000
000011111000011100000000
000001111111111000000000
000000111111111000000000
000000000111100000000000
000000000000000000000000
000000000000000000000000
000000000000000000000000
000000000000000000000000
000000000000000000000000
000000000000000000000000
000000000000000000000000
000000000000000000000000
000000000000000000000000
000000000000000000000000
start_draw_0:
000000000000000000000000
000000000000000000000000
000000000000000000000000
000000000000001111110000
000000000000111111110000
000000000011111100110000
000000000111110000000000
000000001111100000000000
000000011110000000000000
000000111100000000000000
000001111111000000000000
000001111111111000000000
000001110011111000000000
000001110000111100000000
000001100000011100000000
000001110000001110000000
000001111000001110000000
000000111111111110000000
000000011111111100000000
000000000000000000000000
000000000000000000000000
000000000000000000000000
000000000000000000000000
000000000000000000000000
000000000000000000000000
000000000000000000000000
000000000000000000000000
000000000000000000000000
000000000000000000000000
000000000000000000000000
000000000000000000000000
000000000000000000000000
000000000000000000000000
000000000000000000000000
000000000000000000000000
000000000000000000000000
start_draw_0:
000000000000000000000000
000000000000000000000000
000000000000000000000000
000000000000000000000000
000000000000000000000000
000000000000000000000000
000000000000000000000000
000000000000000000000000
000000000000000000000000
000000000000000000000000
000000000000000000000000
000000000000000000000000
000000000000000000000000
000000000000000000000000
000000001111110000000000
000000111111110000000000
000011111100110000000000
000111110000000000000000
001111110000000000000000
001111111100000000000000
001111111110000000000000
001100011111000000000000
001100000111100000000000
001100000011100000000000
001110000011110000000000
001111000001110000000000
000111110000110000000000
000011111100110000000000
000001111111110000000000
000000001111110000000000
000000000000000000000000
000000000000000000000000
000000000000000000000000
000000000000000000000000
000000000000000000000000
000000000000000000000000
start_draw_0:
000000000000000000000000
000000000000000000000000
000000000000000000000000
000000000000000000000000
000000000000000000000000
000000000000000000000000
000000000000000000000000
000000000000000000000000
000000000000000000000000
000000000000000000000000
000000000000000000000000
000000000000000000000000
000000000000000000000000
000000000001111110000000
000000000111111110000000
000000001111110000000000
000000001110000000000000
000000011100000000000000
000000011100000000000000
000000011000000000000000
000000011000000000000000
000000011111111100000000
000000011111111110000000
000000011000011111000000
000000011000000111100000
000000011100000011110000
000000011100000001110000
000000011110000001110000
000000001111100011110000
000000000111111111100000
000000000011111111100000
000000000000000000000000
000000000000000000000000
000000000000000000000000
000000000000000000000000
000000000000000000000000
start_draw_0:
000000000000000000000000
000000000000000000000000
000000000000000000000000
000000000000000000000000
000000001111000000000000
000000111111000000000000
000001111111000000000000
000001111000000000000000
000011110000000000000000
000111100000000000000000
000111000000000000000000
000111000000000000000000
001110000000000000000000
011111110000000000000000
011111111100000000000000
011101111110000000000000
001100011111100000000000
001100000111100000000000
001100000011110000000000
001100000001111000000000
001100000000111000000000
011100000000011000000000
011100000000011000000000
001110000000011000000000
001111000000011000000000
000111100000011000000000
000111111001111000000000
000011111111111000000000
000000111111110000000000
000000000000000000000000
000000000000000000000000
000000000000000000000000
000000000000000000000000
000000000000000000000000
000000000000000000000000
000000000000000000000000
start_draw_0:
000000000000000000000000
000000000000000000000000
000000000000000000000000
000000000000000000000000
000000000000000000000000
000000000000000000000000
000000000000000000000000
000000000000000000000000
000000000000111111100000
000000000001111111100000
000000000011110011100000
000000000111100000000000
000000001111000000000000
000000001110000000000000
000000011100000000000000
000000011100000000000000
000000111011111110000000
000000111011111111100000
000000110000000111110000
000000110000000011111000
000000110000000000111000
000000110000000000111100
000000111000000000011110
000000111100000000001110
000000011100000000000110
000000011110000000000111
000000001111100000000111
000000000111111100000111
000000000001111111111110
000000000000011111111110
000000000000000000000000
000000000000000000000000
000000000000000000000000
000000000000000000000000
000000000000000000000000
000000000000000000000000
start_draw_0:
000000000000000000000000
000000000000000000000000
000000000000000000000000
000000000000000000000000
000000000111100000000000
000000001111110000000000
000000111111110000000000
000000111100000000000000
000001111000000000000000
000001110000000000000000
000011100000000000000000
000011100000000000000000
000011000000000000000000
000111000000000000000000
000111000000000000000000
000110111111111100000000
000111111111111111000000
000111110000001111100000
000111000000000011110000
000011000000000001111000
000011100000000000111000
000011110000000000011000
000011111000000000011000
000001111100000000011000
000000111111000000011000
000000011111111000011000
000000000011111111111000
000000000000111111111000
000000000000000000000000
000000000000000000000000
000000000000000000000000
000000000000000000000000
000000000000000000000000
000000000000000000000000
000000000000000000000000
000000000000000000000000
start_draw_0:
000000000000000000000000
000000000000000000000000
000000000000000000000000
000000000011111000000000
000000001111111000000000
000000011111100000000000
000001111110000000000000
000011111000000000000000
000011110000000000000000
000111100000000000000000
001111000000000000000000
001110000000000000000000
011110000000000000000000
011100000000000000000000
011000000000000000000000
111000000000000000000000
111111100111110000000000
111111111111111000000000
111000111111111100000000
111000000000011110000000
111000000000001110000000
011110000000001111000000
011111000000000111000000
001111100000000011000000
000011111110000111000000
000001111111111111000000
000000001111111110000000
000000000000000000000000
000000000000000000000000
000000000000000000000000
000000000000000000000000
000000000000000000000000
000000000000000000000000
000000000000000000000000
000000000000000000000000
000000000000000000000000
start_draw_0:
000000000000000000000000
000000000000000000000000
000000000000000000000000
000000000000000000000000
000000000000000000000000
000000000000000000000000
000000000000000000000000
000000000000000111100000
000000000000011111100000
000000000000111111000000
000000000001111000000000
000000000011110000000000
000000000011100000000000
000000000111100000000000
000000001111000000000000
000001111110000000000000
000111111111111000000000
000111111111111110000000
000000011100111111100000
000000011000001111110000
000000111000000001110000
000000111000000000111000
000000111000000000111000
000000111000000000011000
000000011100000000011000
000000011110000001111000
000000001111111111111000
000000000111111111110000
000000000000111100000000
000000000000000000000000
000000000000000000000000
000000000000000000000000
000000000000000000000000
000000000000000000000000
000000000000000000000000
000000000000000000000000
start_draw_0:
000000000000000000000000
000000000000000000000000
000000000000000000000000
000000000000000000000000
000000000000000000000000
000000000000000000000000
000000000111000000000000
000000011111000000000000
000000111110000000000000
000001111100000000000000
000001111000000000000000
000011110000000000000000
000111100000000000000000
011111000000000000000000
011111110000000000000000
001111111000000000000000
011101111100000000000000
011100011100000000000000
011000011110000000000000
111000001110000000000000
111000001110000000000000
111000001110000000000000
110000011110000000000000
110000111100000000000000
111011111000000000000000
111111110000000000000000
111111000000000000000000
000000000000000000000000
000000000000000000000000
000000000000000000000000
000000000000000000000000
000000000000000000000000
000000000000000000000000
000000000000000000000000
000000000000000000000000
000000000000000000000000
start_draw_0:
000000000000000000000000
000000000000000000000000
000000000000000000000000
000000000000000000000000
000000000000000000000000
000000000000000000000000
000000000000000011111000
000000000000001111111000
000000000000011111011000
000000000000111100000000
000000000001111000000000
000000000001110000000000
000000000011100000000000
000000000011100000000000
000000000111000000000000
000000001111000000000000
000001111110000000000000
000001111111100000000000
000000001111110000000000
000000001101111000000000
000000011100111100000000
000000011100011100000000
000000011100011100000000
000000011100001100000000
000000011000001100000000
000000011000001100000000
000000011000001100000000
000000011100011100000000
000000011100111100000000
000000001111111000000000
000000001111111000000000
000000000000000000000000
000000000000000000000000
000000000000000000000000
000000000000000000000000
000000000000000000000000
start_draw_0:
000000000000000000000000
000000000000000000000000
000000000000000000000000
000000000000000000000000
000000000000000000000000
000000011100000000000000
000000111100000000000000
000000111100000000000000
000001111000000000000000
000011110000000000000000
000111100000000000000000
000111000000000000000000
001111000000000000000000
111110000000000000000000
111111110000000000000000
111111111110000000000000
111000111111000000000000
111000001111100000000000
111000000011110000000000
110000000001111000000000
110000000000111000000000
100000000000011000000000
000000000000111000000000
100000000000111000000000
100000000001110000000000
110000000111110000000000
111111111111100000000000
111111111110000000000000
000011000000000000000000
000000000000000000000000
000000000000000000000000
000000000000000000000000
000000000000000000000000
000000000000000000000000
000000000000000000000000
000000000000000000000000
start_draw_0:
000000000000000000000000
000000000000000000000000
000000000000000000000000
000000000000000000000000
000000000000000000000000
000000000000000000000000
000000000000000000011100
000000000000000011111110
000000000000001111111110
000000000000111111000110
000000000001111100000000
000000000011111000000000
000000000111100000000000
000000001111000000000000
000000011111000000000000
000000011111100000000000
000000111111110000000000
000000111001111000000000
000000111000111100000000
000000110000011100000000
000001110000001100000000
000001110000001110000000
000001110000001110000000
000001110000001110000000
000001110000001110000000
000001110000001100000000
000000111100011100000000
000000111111111100000000
000000011111111000000000
000000000111110000000000
000000000000000000000000
000000000000000000000000
000000000000000000000000
000000000000000000000000
000000000000000000000000
000000000000000000000000
start_draw_0:
000000000000000000000000
000000000000000000000000
000000000000000000000000
000000000000000000000000
000000001110000000000000
000000011110000000000000
000001111100000000000000
000001111000000000000000
000011110000000000000000
000011100000000000000000
000111100000000000000000
000111000000000000000000
001110000000000000000000
001110000000000000000000
001100000000000000000000
011100000000000000000000
011100111111100000000000
011101111111111000000000
011111110011111110000000
011111100000011111100000
011111100000000111110000
011100000000000011111000
001110000000000001111100
001111000000000000111110
000111100000000000001110
000011110000000000000110
000001111110000000000110
000000111111110000001110
000000001111111111111110
000000000001111111111100
000000000000000000110000
000000000000000000000000
000000000000000000000000
000000000000000000000000
000000000000000000000000
000000000000000000000000
start_draw_0:
000000000000000000000000
000000000000000000000000
000000000000000000000000
000000000000000000000000
000000000001110000000000
000000000001110000000000
000000000011110000000000
000000000011100000000000
000000000111000000000000
000000001111000000000000
000000001110000000000000
000000011110000000000000
000000011100000000000000
000000111000000000000000
000000111000000000000000
000000110000000000000000
000001110000000000000000
000001111111111000000000
000001111111111110000000
000001100000111111100000
000001100000000111111000
000001100000000001111100
000001100000000000011110
000001100000000000001110
000001110000000000001111
000001110000000000000111
000001110000000000000011
000000110000000000000011
000000111000000000000011
000000111000000000000011
000000111100000000000111
000000011111000000011111
000000001111111111111110
000000000111111111111100
000000000000000011000000
000000000000000000000000
start_draw_0:
000000000000000000000000
000000000000000000000000
000000000000000000000000
000000000000000000000000
000000000000000000000000
000000000000000111100000
000000000000001111100000
000000000000011111100000
000000000000111100000000
000000000001111000000000
000000000011110000000000
000000000011100000000000
000000000111100000000000
000000111111000000000000
000000111111000000000000
000000111111111000000000
000000011111111110000000
000000111100111111100000
000000111000001111111000
000000111000000011111100
000000110000000000111100
000000110000000000011110
000000110000000000001111
000000110000000000000111
000000110000000000000011
000000110000000000000111
000000111000000000011111
000000111111000001111111
000000011111111111111100
000000000111111111110000
000000000000000000000000
000000000000000000000000
000000000000000000000000
000000000000000000000000
000000000000000000000000
000000000000000000000000
start_draw_0:
000000000000000000000000
000000000000000000000000
000000000000000000000000
000000000000000000000000
000000000000000000000000
000000000000000000000000
000000000000000000000000
000000001110000000000000
000000011110000000000000
000000111100000000000000
000000111000000000000000
000001110000000000000000
000001110000000000000000
000011100000000000000000
000011100000000000000000
000011000000000000000000
000011000000000000000000
000111111000000000000000
000111111111100000000000
000111111111111000000000
000011000001111110000000
000011100000011110000000
000011100000001111000000
000011100000000111100000
000001110000000011110000
000001110000000001110000
000000111000000001110000
000000111000000000110000
000000111100000001110000
000000011110000001110000
000000011111100011110000
000000001111111111100000
000000000011111111100000
000000000000000000000000
000000000000000000000000
000000000000000000000000
start_draw_0:
000000000000000000000000
000000000000000000000000
000000000000000000000000
000000000000000000000000
000000000111100000000000
000000001111100000000000
000000011110000000000000
000000011100000000000000
000000111100000000000000
000000111000000000000000
000001110000000000000000
000001110000000000000000
000011100000000000000000
000011100000000000000000
000111000000000000000000
000111000000000000000000
111110000000000000000000
111111111000000000000000
111111111110000000000000
011100111111110000000000
111000000111111100000000
111000000001111110000000
111000000000011111000000
110000000000001111100000
110000000000000011110000
111000000000000001110000
111100000000000001110000
011100000000000001110000
011111000000000011110000
001111111111111111100000
000011111111111111100000
000000000111111000000000
000000000000000000000000
000000000000000000000000
000000000000000000000000
000000000000000000000000
start_draw_0:
000000000000000000000000
000000000000000000000000
000000000000000000000000
000000000000000000000000
000000000000000000000000
000000000000000111100000
000000000000011111100000
000000000000111110000000
000000000011111000000000
000000000111110000000000
000000000111100000000000
000000001111000000000000
000000011110000000000000
000000111100000000000000
000000111000000000000000
000000111000000000000000
000001111111000000000000
000001111111100000000000
000001110111110000000000
000011100001111000000000
000011100000111100000000
000011100000011100000000
000011000000011110000000
000011000000001110000000
000011000000001110000000
000011100000000110000000
000011110000001110000000
000011111000011110000000
000001111111111110000000
000000111111111100000000
000000000111100000000000
000000000000000000000000
000000000000000000000000
000000000000000000000000
000000000000000000000000
000000000000000000000000
start_draw_0:
000000000000000000000000
000000000000000000000000
000000000000000000000000
000000000000000000000000
000000000000000000000000
000000000000000000000000
000000000000000000000000
000000000000000000000000
000000000000000000000000
000000001111111000000000
000000011111111000000000
000001111110000000000000
000011111000000000000000
000111100000000000000000
001111000000000000000000
011111111000000000000000
011111111110000000000000
111000111111000000000000
111000000111110000000000
111000000011111000000000
110000000001111000000000
111000000000111100000000
111000000000011100000000
111100000000011110000000
011100000000001110000000
011110000000001100000000
001111110000011100000000
000111111111111100000000
000001111111111100000000
000000000000000000000000
000000000000000000000000
000000000000000000000000
000000000000000000000000
000000000000000000000000
000000000000000000000000
000000000000000000000000
start_draw_0:
000000000000000000000000
000000000000000000000000
000000000000000000000000
000000000000000000000000
000000000000000000000000
000000000000000000000000
000000000001111100000000
000000000111111100000000
000000011111111100000000
000001111110000000000000
000011111000000000000000
000111110000000000000000
001111000000000000000000
011110000000000000000000
011100000000000000000000
111100000000000000000000
111000000000000000000000
110000000000000000000000
110001111111100000000000
001111111111111100000000
111111110011111111000000
111100110000011111110000
110000000000000011111000
000000000000000000111100
100000000000000000011110
100000000000000000001111
110000000000000000000111
110000000000000000000111
111000000000000000000011
111110000000000000000011
011111100000000000000111
000111111100000000001111
000011111111111111111111
000000011111111111111110
000000000000000000000000
000000000000000000000000
start_draw_0:
000000000000000000000000
000000000000000000000000
000000110000000000000000
000000110000000000000000
000001110000000000000000
000001110000000000000000
000001110000000000000000
000001100000000000000000
000011100000000000000000
000011100000000000000000
000011100000000000000000
000011000000000000000000
000011000000000000000000
000011000000000000000000
000011000000000000000000
001111111110000000000000
001111111111110000000000
000011000111111100000000
000011000001111111000000
000011000000011111100000
000011100000000111110000
000011100000000001111000
000011100000000000111000
000001110000000000011000
000001111000000000011100
000001111100000000111100
000000011111111111111100
000000001111111111111000
000000000000111111100000
000000000000000000000000
000000000000000000000000
000000000000000000000000
000000000000000000000000
000000000000000000000000
000000000000000000000000
000000000000000000000000
start_draw_0:
000000000000000000000000
000000000000000000000000
000000000000000000000000
000000000000000000000000
000000000000000000000000
000000000000000000000000
000000000000000000000000
000000000000000000011000
000000000000000000111000
000000000000000011111000
000000000000011111110000
000000000011111111100000
000000000111111000000000
000011111111110000000000
000011111111111100000000
000000011111111110000000
000000011100011111000000
000000011100000111100000
000000011100000011110000
000000011000000001111000
000000011100000000111000
000000011100000000011100
000000011100000000011100
000000001110000000011100
000000001111100000011100
000000000111111111111100
000000000011111111111000
000000000000000111000000
000000000000000000000000
000000000000000000000000
000000000000000000000000
000000000000000000000000
000000000000000000000000
000000000000000000000000
000000000000000000000000
000000000000000000000000
start_draw_0:
000000000000000000000000
000000000000000000000000
000000001111110000000000
000000011111110000000000
000000111110000000000000
000001111000000000000000
000011110000000000000000
000111100000000000000000
000111000000000000000000
000111000000000000000000
000110000000000000000000
001110000000000000000000
001110000000000000000000
001111111111110000000000
001111111111111000000000
001100111100111100000000
001100000000011110000000
001100000000001111000000
001100000000000111000000
001100000000000011000000
001110000000000011000000
001111000000000011000000
001111100000000011000000
000111110000001111000000
000011111111111111000000
000000111111111110000000
000000000000000000000000
000000000000000000000000
000000000000000000000000
000000000000000000000000
000000000000000000000000
000000000000000000000000
000000000000000000000000
000000000000000000000000
000000000000000000000000
000000000000000000000000
start_draw_0:
000000000000000000000000
000000000000000000000000
000000000000000000000000
000000000000000000000000
000000000000000000000000
000000000001111100000000
000000000011111100000000
000000001111100000000000
000000011111000000000000
000000011110000000000000
000000111100000000000000
000000111000000000000000
000001110000000000000000
000001110000000000000000
000011100000000000000000
000011111111000000000000
000111111111111000000000
000111111111111100000000
000111000000111100000000
000110000000011110000000
000110000000001111000000
000110000000000111000000
000110000000000011000000
000111000000000011100000
000111100000000011100000
000111100000000011100000
000011111000000011100000
000001111110000011100000
000000111111111111000000
000000001111111111000000
000000000000011110000000
000000000000000000000000
000000000000000000000000
000000000000000000000000
000000000000000000000000
000000000000000000000000
start_draw_0:
000000000000000000000000
000000011110000000000000
000001111110000000000000
000001111000000000000000
000011110000000000000000
000111100000000000000000
000111111000000000000000
001111111110000000000000
001111111111000000000000
001111000111000000000000
001100000011100000000000
001100000011100000000000
001110000011100000000000
001110000011100000000000
000111000011100000000000
000111110111100000000000
000011111111000000000000
000001111110000000000000
000000000000000000000000
000000000000000000000000
000000000000000000000000
000000000000000000000000
000000000000000000000000
000000000000000000000000
000000000000000000000000
000000000000000000000000
000000000000000000000000
000000000000000000000000
000000000000000000000000
000000000000000000000000
000000000000000000000000
000000000000000000000000
000000000000000000000000
000000000000000000000000
000000000000000000000000
000000000000000000000000
start_draw_0:
000000000000000000000000
000000000011110000000000
000000000111110000000000
000000000111000000000000
000000001110000000000000
000000001110000000000000
000000011100000000000000
000000011100011110000000
000000011011111111000000
000000011111111111100000
000000011111111011110000
000000011000000001110000
000000011100000000110000
000000011100000000110000
000000011110000001110000
000000001111000011110000
000000001111110111100000
000000000111111111100000
000000000001111111000000
000000000000000000000000
000000000000000000000000
000000000000000000000000
000000000000000000000000
000000000000000000000000
000000000000000000000000
000000000000000000000000
000000000000000000000000
000000000000000000000000
000000000000000000000000
000000000000000000000000
000000000000000000000000
000000000000000000000000
000000000000000000000000
000000000000000000000000
000000000000000000000000
000000000000000000000000
start_draw_0:
000000000000000000000000
000000000000000000000000
000000000000000000000000
000000000000000000000000
000000000000000000000000
000000000000000000000000
000000000000000000000000
000000000000000000000000
000000000000000000000000
000000000000000000000000
000000000000000000000000
000000000000000000000000
000000000000000000000000
000000000000000000000000
000000000000000000000000
000000000000000000000000
000000000000000000000000
000000000000000000000000
000000011111000000000000
000000111111000000000000
000011111100000000000000
000111110000000000000000
000111100000000000000000
001111111000000000000000
011111111000000000000000
011110011000000000000000
011100011000000000000000
111000011000000000000000
111000011000000000000000
111000111000000000000000
111100111000000000000000
011111111000000000000000
001111110000000000000000
000111100000000000000000
000000000000000000000000
000000000000000000000000
start_draw_0:
000000000000000000000000
000000000000000000000000
000000000000000000000000
000000000000000000000000
000000000000000000000000
000000000000000000000000
000000000000000000000000
000000000000000000000000
000000000000000000000000
000000000000000000000000
000000000000000000000000
000000000000000000000000
000000000000000000000000
000000000000000000000000
000000000000000000000000
000000000000000000000000
000000000000000000000000
000000000000011000000000
000000000011111000000000
000000000111111000000000
000000000111000000000000
000000001111000000000000
000000001110000000000000
000000011100001100000000
000000011111111111000000
000000011111111111100000
000000111100000011100000
000000111000000001110000
000000111000000001110000
000000111000000001110000
000000111110000011100000
000000011111111111100000
000000001111111111100000
000000000000000000000000
000000000000000000000000
000000000000000000000000
start_draw_0:
000000000000000000000000
000000000000000000000000
000000000000000000000000
000000000000000000000000
001100000000000000000000
001100000000000000000000
011100000000000000000000
011100000000000000000000
011000000000000000000000
011000000000000000000000
011000000000000000000000
011000110000000000000000
011001111110000000000000
011111111111000000000000
011111101111000000000000
011111000111000000000000
001110000011100000000000
001110000011100000000000
001111000011000000000000
000111100111000000000000
000011111111000000000000
000011111111000000000000
000000111100000000000000
000000000000000000000000
000000000000000000000000
000000000000000000000000
000000000000000000000000
000000000000000000000000
000000000000000000000000
000000000000000000000000
000000000000000000000000
000000000000000000000000
000000000000000000000000
000000000000000000000000
000000000000000000000000
000000000000000000000000
start_draw_0:
000000000000000000000000
000000000000000000000000
000000000111000000000000
000000000111000000000000
000000001110000000000000
000000001110000000000000
000000001110000000000000
000000001100000000000000
000000001100000000000000
000000001100000000000000
000000001101111000000000
000000001111111100000000
000000001111111110000000
000000001100001111000000
000000001100000111000000
000000001110000111000000
000000001111100111000000
000000000111111111000000
000000000011111110000000
000000000000000000000000
000000000000000000000000
000000000000000000000000
000000000000000000000000
000000000000000000000000
000000000000000000000000
000000000000000000000000
000000000000000000000000
000000000000000000000000
000000000000000000000000
000000000000000000000000
000000000000000000000000
000000000000000000000000
000000000000000000000000
000000000000000000000000
000000000000000000000000
000000000000000000000000
start_draw_0:
000000000000000000000000
000000000000000000000000
000000000000000000000000
000000000000000000000000
000000000000000011110000
000000000000000111110000
000000000000001111110000
000000000000011110000000
000000000001111100000000
000000000001111100000000
000000000001111110000000
000000000001111111100000
000000000001110111100000
000000000001110001100000
000000000001110001100000
000000000001111111100000
000000000000111111100000
000000000000011111100000
000000000000000000000000
000000000000000000000000
000000000000000000000000
000000000000000000000000
000000000000000000000000
000000000000000000000000
000000000000000000000000
000000000000000000000000
000000000000000000000000
000000000000000000000000
000000000000000000000000
000000000000000000000000
000000000000000000000000
000000000000000000000000
000000000000000000000000
000000000000000000000000
000000000000000000000000
000000000000000000000000
start_draw_0:
000000000000000000000000
000000000000000000000000
000000000000000000000000
000000000000000000000000
000000000000000000000000
000000000000000000000000
000000000000000000000000
000000000000000000000000
000000000000000000000000
000000000000000000000000
000000000000000000000000
000000000000000000000000
000000000000000000000000
000000000000000000000000
000000000000000000000000
000000000000000000000000
000000000000000000000000
000000000000000000000000
000000000000000000000000
000000000000000000000000
000011110000000000000000
000111110000000000000000
001111100000000000000000
011110000000000000000000
011100000000000000000000
111111111100000000000000
111111111100000000000000
110110011100000000000000
110000001100000000000000
110000001100000000000000
111000011100000000000000
111111111100000000000000
011111111100000000000000
000111110000000000000000
000000000000000000000000
000000000000000000000000
start_draw_0:
000000000000000000000000
000000000000000000000000
000000000000000000000000
000000000000000000000000
000000000000000000000000
000000000000000000000000
000000000000000000000000
000000000000000000000000
000000000000000000000000
000000000000000000000000
000000000000000000000000
000000000000000000000000
000000000000000000000000
000000000000000000000000
000000000000000000000000
000000000000000000000000
000000000000000000000000
000000000000000000000000
000000000000000000000000
000000000000000000000000
000000000000000111111000
000000000000011111111000
000000000000111110011000
000000000001111000000000
000000000011110000000000
000000000111111110000000
000000001111111111100000
000000001111000111110000
000000001110000001110000
000000011100000000110000
000000011100000000110000
000000011110000001110000
000000001111111111110000
000000000111111111100000
000000000001111111000000
000000000000000000000000
start_draw_0:
000011000000000000000000
000011000000000000000000
000111000000000000000000
000111000000000000000000
000111000000000000000000
001110000000000000000000
001110000000000000000000
001100000000000000000000
001100000000000000000000
001100000000000000000000
011100000000000000000000
011111100000000000000000
111111111000000000000000
111111111110000000000000
011000011111000000000000
011000001111000000000000
011100000111000000000000
011110001111000000000000
001111111111000000000000
001111111100000000000000
000000000000000000000000
000000000000000000000000
000000000000000000000000
000000000000000000000000
000000000000000000000000
000000000000000000000000
000000000000000000000000
000000000000000000000000
000000000000000000000000
000000000000000000000000
000000000000000000000000
000000000000000000000000
000000000000000000000000
000000000000000000000000
000000000000000000000000
000000000000000000000000
start_draw_0:
000000000000000000000000
000000000000000000000000
000000000000000000000000
000000000000000000000000
000000000000000000000000
000000000000000000000000
000000000000000000000000
000000000000000000000000
000000000000000000000000
000000000000000000000000
000000000000000000000000
000000000000000000000000
000000011110000000000000
000000111110000000000000
000001111100000000000000
000001111000000000000000
000011110000000000000000
000011100000000000000000
001111111100000000000000
001111111110000000000000
001110001111000000000000
001110000111000000000000
001100000011000000000000
001100000011000000000000
001111111111000000000000
001111111111000000000000
001111111000000000000000
000000000000000000000000
000000000000000000000000
000000000000000000000000
000000000000000000000000
000000000000000000000000
000000000000000000000000
000000000000000000000000
000000000000000000000000
000000000000000000000000
start_draw_0:
000000000000000000000000
000000000000000000000000
000000000000000000000000
000000000000011100000000
000000000000111100000000
000000000001111100000000
000000000011111000000000
000000000011100000000000
000000000111100000000000
000000001111000000000000
000000011110000000000000
000000011111111110000000
000000011111111111000000
000000111011001111100000
000000111000000011110000
000000110000000001110000
000000111000000001110000
000000111110000011110000
000000011111111111100000
000000001111111111000000
000000000000000000000000
000000000000000000000000
000000000000000000000000
000000000000000000000000
000000000000000000000000
000000000000000000000000
000000000000000000000000
000000000000000000000000
000000000000000000000000
000000000000000000000000
000000000000000000000000
000000000000000000000000
000000000000000000000000
000000000000000000000000
000000000000000000000000
000000000000000000000000
start_draw_0:
000000000000000000000000
000000000000000000000000
000000000000000000000000
000000000000000000000000
000000000000000000000000
000000000000000000000000
000000000000000000000000
000000000000000000000000
000000000000000000000000
000000000000000000000000
000000000000000000000000
000000000000000000000000
000000000000000000000000
000000000000000000000000
000000000000000000000000
000000000000000000000000
000000000000000000000000
000000000000000000000000
000000001111000000000000
000000111111000000000000
000001111100000000000000
000011110000000000000000
000011110000000000000000
000111100000000000000000
001111111100000000000000
011111111111000000000000
011100001111000000000000
011100000011100000000000
011100000011100000000000
011100000011100000000000
001110000011100000000000
001111100111100000000000
000111111111000000000000
000011111111000000000000
000000011100000000000000
000000000000000000000000
start_draw_0:
000000000000000000000000
000000000000000000000000
000000000000000000000000
000000000000000000000000
000000000000000000000000
000000000000000000000000
000000000000000000000000
000000000000000000000000
000000000000000000000000
000000000000000000000000
000000000000000000000000
000000000000000000000000
000000000000000000000000
000000000000000000000000
000000000000000111100000
000000000000011111100000
000000000000111111100000
000000000001111000000000
000000000001110000000000
000000000011100000000000
000000000011100000000000
000000000111000000000000
000000000111111110000000
000000000111111111100000
000000000111001111110000
000000000111000011111000
000000000111000000111000
000000000011100000111000
000000000011110000011000
000000000001111100111000
000000000000111111111000
000000000000001111111000
000000000000000000000000
000000000000000000000000
000000000000000000000000
000000000000000000000000
start_draw_0:
000000000000000000000000
000000000000000000000000
000000000000000000000000
000000000000000000000000
000000011111000000000000
000001111111000000000000
000011111000000000000000
000111110000000000000000
000111000000000000000000
000110000000000000000000
001111000000000000000000
001111111000000000000000
001111111111000000000000
001100111111100000000000
001100000111111000000000
001110000001111100000000
001110000000111110000000
001111000000001111000000
000111000000000111000000
000111100000000111100000
000011110000000011100000
000001111100000001100000
000000111111100001100000
000000011111111111100000
000000000011111111100000
000000000000000000000000
000000000000000000000000
000000000000000000000000
000000000000000000000000
000000000000000000000000
000000000000000000000000
000000000000000000000000
000000000000000000000000
000000000000000000000000
000000000000000000000000
000000000000000000000000
start_draw_0:
000000000000000000000000
000000000000000000000000
000000000000000000000000
000000000000000000000000
000000000000000000000000
000000000000000000000000
000000000000000001110000
000000000000000111110000
000000000000000111100000
000000000000001111000000
000000000000011110000000
000000000000011100000000
000000000000111100000000
000000000000111000000000
000000000011111111000000
000000000011111111100000
000000000001100011110000
000000000011100011110000
000000000011100001110000
000000000011100000110000
000000000011100001110000
000000000011110111110000
000000000001111111110000
000000000000111111000000
000000000000000000000000
000000000000000000000000
000000000000000000000000
000000000000000000000000
000000000000000000000000
000000000000000000000000
000000000000000000000000
000000000000000000000000
000000000000000000000000
000000000000000000000000
000000000000000000000000
000000000000000000000000
start_draw_0:
000000000000000000000000
000000000000000000000000
000000000000000000000000
000000000000000000000000
000000000000000000000000
000000000000000000000000
000000000000000000000000
000000000000000000000000
000000000000000000000000
000000000000000000000000
000000000000000000000000
000000000000000000000000
000000000000000000000000
000000000000000000000000
000000000000000000000000
000000000000000000000000
000000000000000000000000
000000011100000000000000
000001111100000000000000
000111111100000000000000
001111100000000000000000
011111100000000000000000
111111111100000000000000
111101111110000000000000
111000001111100000000000
111000000111100000000000
111000000011100000000000
111100000001110000000000
011111000001110000000000
001111111111110000000000
000111111111100000000000
000000000110000000000000
000000000000000000000000
000000000000000000000000
000000000000000000000000
000000000000000000000000
start_draw_0:
000000000000000000000000
000000000000000000000000
000000000000000000000000
000000000000000000000000
000000000000000000000000
000000000000000000000000
000000000000000000000000
000000000000000000000000
000000000000000000000000
000000000000000000000000
000000000000000000000000
000000000000000000000000
000000000000000000000000
000000000000000000000000
000000000000000000000000
000000000000000001110000
000000000000000011110000
000000000000000111110000
000000000000001111000000
000000000000011110000000
000000000000111100000000
000000000001111000000000
000000000011110000000000
000000000111100000000000
000000001111110000000000
000000011111111100000000
000000111101111110000000
000000111000001111000000
000000111000000111000000
000000111000000011000000
000000111000000011000000
000000111100000011000000
000000011111000011000000
000000001111111111000000
000000000111111111000000
000000000000001110000000
start_draw_0:
000000000000000000000000
000110000000000000000000
000110000000000000000000
001110000000000000000000
001110000000000000000000
001110000000000000000000
011100000000000000000000
011100000000000000000000
011100000000000000000000
011000000000000000000000
011000000000000000000000
011000000000000000000000
111111111111000000000000
111111111111110000000000
111000000111111000000000
011000000001111100000000
011000000000011110000000
011000000000001111000000
011100000000000111000000
011110000000000011000000
001110000000000011000000
001111100000000011000000
000111111000000111000000
000011111111111111000000
000000111111111110000000
000000000001110000000000
000000000000000000000000
000000000000000000000000
000000000000000000000000
000000000000000000000000
000000000000000000000000
000000000000000000000000
000000000000000000000000
000000000000000000000000
000000000000000000000000
000000000000000000000000
start_draw_0:
000000000000000000000000
000000000000000000000000
000000000000000000000000
000000000000000000000000
000000000000000000000000
000000000000000000000000
000000000000000001110000
000000000000000111110000
000000000000011111110000
000000000000111111000000
000000000001111100000000
000000000011111100000000
000000001111111110000000
000000011111111111000000
000000011110000111000000
000000011100000011100000
000000111000000011100000
000000111000000011100000
000000111100000011000000
000000011111111111000000
000000001111111111000000
000000000000000000000000
000000000000000000000000
000000000000000000000000
000000000000000000000000
000000000000000000000000
000000000000000000000000
000000000000000000000000
000000000000000000000000
000000000000000000000000
000000000000000000000000
000000000000000000000000
000000000000000000000000
000000000000000000000000
000000000000000000000000
000000000000000000000000
start_draw_0:
000000000000000000000000
000000000000000000000000
000000000000000000000000
000000000000000000000000
000000000000000000000000
000000000000000000000000
000000000000011000000000
000000000001111000000000
000000000011111000000000
000000000111110000000000
000000001111000000000000
000000011110000000000000
000000111100000000000000
000001111000000000000000
000011110000000000000000
000011111110000000000000
000111111111000000000000
000111000111110000000000
000110000011111000000000
000110000001111000000000
000110000000111100000000
000110000000011100000000
000111000000011110000000
000111000000001110000000
000111100000001110000000
000011111000001110000000
000001111111011110000000
000000111111111100000000
000000000111111000000000
000000000000000000000000
000000000000000000000000
000000000000000000000000
000000000000000000000000
000000000000000000000000
000000000000000000000000
000000000000000000000000
start_draw_0:
000000000000000000000000
000000000000000000000000
000000000000000000000000
000000000000000000000000
000000000000000000000000
000000000000000000000000
000000000000000000000000
000000000000000000000000
000000000000000000000000
000000000000000000000000
000000000000000000000000
000000000000000000000000
000000000000000000000000
000000000000000000000000
000000000000000000000000
000000000000000000000000
000000000000000000000000
000000111111111000000000
000011111111111000000000
011111111000000000000000
011111000000000000000000
011100000000000000000000
111000000000000000000000
111111111000000000000000
111111111100000000000000
111000011110000000000000
110000001111000000000000
100000000111000000000000
100000000111000000000000
111000000011000000000000
111111000111000000000000
111111111111000000000000
000111111110000000000000
000000000000000000000000
000000000000000000000000
000000000000000000000000
start_draw_0:
000000000000000000000000
000000000000000000000000
000000000000000000000000
000000000000000000000000
000000000000000000000000
000000000000000000000000
000000000000000000000000
000000000000000000000000
000000000000000000000000
000000000000000000000000
000000000000000000000000
000000000000000000000000
000000000000000000000000
000000000000000000000000
000000000000000111100000
000000000000011111100000
000000000001111111000000
000000000011111000000000
000000000111110000000000
000000001111000000000000
000000011110000000000000
000000111111111000000000
000000111011111110000000
000000111000011110000000
000000110000001110000000
000000111000001110000000
000000111111111110000000
000000011111111110000000
000000001111110000000000
000000000000000000000000
000000000000000000000000
000000000000000000000000
000000000000000000000000
000000000000000000000000
000000000000000000000000
000000000000000000000000
start_draw_0:
000000000000000000000000
000000000000000000000000
000000000000000000000000
000000000000000000000000
000000000000000000000000
000000111111000000000000
000001111111000000000000
000011111011000000000000
000111100000000000000000
000111000000000000000000
111111000000000000000000
111111110000000000000000
001111111000000000000000
001100111100000000000000
001100011110000000000000
001100001110000000000000
001111001110000000000000
001111111110000000000000
000111111100000000000000
000000000000000000000000
000000000000000000000000
000000000000000000000000
000000000000000000000000
000000000000000000000000
000000000000000000000000
000000000000000000000000
000000000000000000000000
000000000000000000000000
000000000000000000000000
000000000000000000000000
000000000000000000000000
000000000000000000000000
000000000000000000000000
000000000000000000000000
000000000000000000000000
000000000000000000000000
start_draw_0:
000000000000000000000000
000000000000000000000000
000000000000000000000000
000000000000000000000000
000000000000000000000000
000000000000000000000000
000000000000000111000000
000000000000001111000000
000000000000011111000000
000000000000111100000000
000000000001111000000000
000000000001110000000000
000000000011100000000000
000000000111100000000000
000000000111000000000000
000000001111000000000000
000000001111111110000000
000000001111111111100000
000000001100000111111000
000000011100000001111100
000000011100000000011110
000000011100000000001110
000000001110000000001110
000000001111000000000110
000000001111100000000111
000000000011111110000111
000000000001111111111110
000000000000001111111110
000000000000000000000000
000000000000000000000000
000000000000000000000000
000000000000000000000000
000000000000000000000000
000000000000000000000000
000000000000000000000000
000000000000000000000000
start_draw_0:
000000000000000000000000
000000000000000000000000
000000000000000000000000
000000000000000000000000
000000000000011000000000
000000000000111000000000
000000000000111000000000
000000000001111000000000
000000000001110000000000
000000000011110000000000
000000000011100000000000
000000000111000000000000
000000000111000000000000
000000001110000000000000
000000001110000000000000
000000011111110000000000
000000011111111110000000
000000011111111111100000
000000011000001111110000
000000111000000001111000
000000111000000000111100
000000111000000000011110
000000111000000000001111
000000111000000000000111
000000011000000000000111
000000011100000000000011
000000011110000000000011
000000001111111111111111
000000000111111111111111
000000000000011111111100
000000000000000000000000
000000000000000000000000
000000000000000000000000
000000000000000000000000
000000000000000000000000
000000000000000000000000
start_draw_0:
000000000000000000000000
000000000000000000000000
000000000000000000000000
000000000000000000000000
000000000000000000000000
000000000001111111000000
000000001111111111000000
000000111111110111000000
000001111100000000000000
000011110000000000000000
000111100000000000000000
000111000000000000000000
000111000000000000000000
001111100000000000000000
011111111110000000000000
011111111111100000000000
011100000111111000000000
001100000001111100000000
001110000000011110000000
001110000000001111000000
000110000000000111100000
000111000000000011100000
000111100000000011100000
000011110000000001100000
000001111000000001100000
000000111111000001100000
000000011111111111100000
000000000111111111100000
000000000000011111100000
000000000000000000000000
000000000000000000000000
000000000000000000000000
000000000000000000000000
000000000000000000000000
000000000000000000000000
000000000000000000000000
start_draw_0:
000000000000000000000000
000000000000000000000000
000000000000000000000000
000000000000000000000000
000000000000000000000000
000000000000000000000000
000000000000000000000000
000000000000000000000000
000000000000000000000000
000000000000000000000000
000000000000000000000000
000000000000000000000000
000000000000000000000000
000000000000111110000000
000000000001111110000000
000000000011110000000000
000000000111100000000000
000000001111000000000000
000000001110000000000000
000000011100000000000000
000000111100000000000000
000000111000000000000000
000001111000000000000000
000001110000000000000000
000001111111100000000000
000001111111111000000000
000001111111111110000000
000001100000011111100000
000001100000000111100000
000001110000000011110000
000001111100000001110000
000000111110000000110000
000000011111111000110000
000000000111111111110000
000000000000111111110000
000000000000000000000000
start_draw_0:
000000000000000000000000
000000000000000000000000
000000000000000000000000
000000000000000000000000
000000000000000000000000
000000000000000000000000
000000000000000000000000
000000000110000000000000
000000001110000000000000
000000011110000000000000
000000111100000000000000
000001111000000000000000
000001110000000000000000
000011100000000000000000
000011100000000000000000
000111000000000000000000
000111000000000000000000
000110000000000000000000
000110000000000000000000
011111111000000000000000
011111111111000000000000
011110111111111000000000
001100000111111000000000
001100000000111100000000
001100000000011110000000
001100000000001110000000
001100000000000110000000
001100000000001110000000
001111000001111110000000
001111111111111100000000
000111111111110000000000
000000000000000000000000
000000000000000000000000
000000000000000000000000
000000000000000000000000
000000000000000000000000
start_draw_0:
000000000000000000000000
000000000000000000000000
000000000000000000000000
000000000000000000000000
000000000000000000000000
000000000000000000000000
000000000000000000000000
000000000000000000000000
000000000000000000000000
000000000000000000000000
000000000000000000000000
000000000001111110000000
000000000111111110000000
000000001111110110000000
000000011111000000000000
000000111100000000000000
000001111000000000000000
000011110000000000000000
000111100000000000000000
000111000000000000000000
001111000000000000000000
001110011110000000000000
001110011111100000000000
001100001111110000000000
001100000011110000000000
001100000001110000000000
001100000000111000000000
001110000000111000000000
001111000000111000000000
000111111001110000000000
000011111111110000000000
000000111111110000000000
000000000000000000000000
000000000000000000000000
000000000000000000000000
000000000000000000000000
start_draw_0:
000000000000000000000000
000000000000000000000000
000000000000000000000000
000000000000000000000000
000000000000000000000000
000000000000000000000000
000000000000000000000000
000000000000000000000000
000000000000000000000000
000000000000000000000000
000000000000000000000000
000000000000000111000000
000000000000001111000000
000000000000111110000000
000000000001111100000000
000000000011111000000000
000000001111100000000000
000000011111000000000000
000000011111100000000000
000000111111111000000000
000001111011111110000000
000001110000011111000000
000001110000000111000000
000001110000000011100000
000001110000000011100000
000001111000000011100000
000000111100000011100000
000000011111000111100000
000000001111111111000000
000000000011111110000000
000000000000000000000000
000000000000000000000000
000000000000000000000000
000000000000000000000000
000000000000000000000000
000000000000000000000000
start_draw_0:
000000000000000000000000
000000000000000000000000
000000000000000000000000
000000000000000000000000
000000000000000000000000
000000000011100000000000
000000001111110000000000
000000011111110000000000
000000111100000000000000
000001111000000000000000
000011110000000000000000
000111100000000000000000
000111000000000000000000
000111000000000000000000
001110000000000000000000
001110000000000000000000
111110000000000000000000
111111110000000000000000
001111111100000000000000
001101111110000000000000
001110001111000000000000
001110000111100000000000
001111000011110000000000
000111000001111000000000
000111100000111000000000
000011111000111000000000
000001111111111000000000
000000011111111000000000
000000000000000000000000
000000000000000000000000
000000000000000000000000
000000000000000000000000
000000000000000000000000
000000000000000000000000
000000000000000000000000
000000000000000000000000
start_draw_0:
000000000000000000000000
000000000000000000000000
000000000000000000000000
000000000000000000000000
000000000000000000000000
000000000000000000000000
000000000111110000000000
000000001111110000000000
000000011111000000000000
000000111100000000000000
000001111000000000000000
000011110000000000000000
000011100000000000000000
000111000000000000000000
001111000000000000000000
001111111000000000000000
000111111110000000000000
000110011111000000000000
001110001111000000000000
001110000111100000000000
001110000011100000000000
001110000011100000000000
001110000011100000000000
001110000011100000000000
001110000011100000000000
000111000111000000000000
000111111111000000000000
000011111110000000000000
000000000000000000000000
000000000000000000000000
000000000000000000000000
000000000000000000000000
000000000000000000000000
000000000000000000000000
000000000000000000000000
000000000000000000000000
start_draw_0:
000000000000000000000000
000000000000000000000000
000000000000000000000000
000000000000000000000000
000000000000000000000000
000000000000000000000000
000000000000000000000000
000000000000000000000000
000000000000000000000000
000000000000000000000000
000000000000000000000000
000000000000000000000000
000000000000000001110000
000000000000000011110000
000000000000001111110000
000000000000011111000000
000000000000111110000000
000000000001111000000000
000000000011110000000000
000000000111100000000000
000000001111000000000000
000000001111000000000000
000000011111000000000000
000000011111111111000000
000000011001111111100000
000000011000000011100000
000000011000000001100000
000000011000000001100000
000000011100000001100000
000000011111000011100000
000000001111111111100000
000000000111111111000000
000000000000000000000000
000000000000000000000000
000000000000000000000000
000000000000000000000000
start_draw_0:
000000000000000000000000
000000000000000000000000
000000000000000000000000
000000000000000000000000
000000011110000000000000
000000111110000000000000
000001111000000000000000
000011110000000000000000
000011100000000000000000
000111000000000000000000
000111000000000000000000
001110000000000000000000
001110000000000000000000
001100000000000000000000
001100000000000000000000
011101110000000000000000
011111111000000000000000
011111111110000000000000
011111011111000000000000
011100001111100000000000
011100000011100000000000
011100000011110000000000
001110000001110000000000
001110000000111000000000
000111000000111000000000
000111100000111000000000
000111110000111000000000
000011111000111000000000
000001111111110000000000
000000011111110000000000
000000000011000000000000
000000000000000000000000
000000000000000000000000
000000000000000000000000
000000000000000000000000
000000000000000000000000
start_draw_0:
000000000000000000000000
000000000000000000000000
000000000000000000000000
000000000000000000000000
000000000000000000000000
000000000000000000000000
000000000000111110000000
000000000111111110000000
000000011111110000000000
000000111111000000000000
000001111100000000000000
000011111000000000000000
000111110000000000000000
000111100000000000000000
000111000000000000000000
001111111100000000000000
001111111111000000000000
001110011111110000000000
001110000011111000000000
001100000001111100000000
001100000000011100000000
001110000000011110000000
001110000000001110000000
001111000000000110000000
000111000000000110000000
000111110000001110000000
000011111111111110000000
000000111111111100000000
000000000111110000000000
000000000000000000000000
000000000000000000000000
000000000000000000000000
000000000000000000000000
000000000000000000000000
000000000000000000000000
000000000000000000000000
start_draw_0:
000000000000000000000000
000000000000000000000000
000000000000000000000000
000000000000000011111100
000000000000000111111100
000000000000001111100000
000000000000011111000000
000000000000111100000000
000000000000111000000000
000000000001111000000000
000000000011110000000000
000000000011100000000000
000000000111000000000000
000111111111111000000000
000111111111111111000000
000000011110111111100000
000000011100000111110000
000000011100000011110000
000000011000000001110000
000000011000000000110000
000000011000000000110000
000000011100000000110000
000000011100000001110000
000000011100000011110000
000000001111001111100000
000000001111111111000000
000000000111111100000000
000000000000000000000000
000000000000000000000000
000000000000000000000000
000000000000000000000000
000000000000000000000000
000000000000000000000000
000000000000000000000000
000000000000000000000000
000000000000000000000000
start_draw_0:
000000000000000000000000
000000000000000000000000
000000000000000000000000
000000000000000000000000
000000000000111110000000
000000000111111110000000
000000001111110000000000
000000011110000000000000
000000111100000000000000
000000111100000000000000
000001111000000000000000
000011110000000000000000
111111110000000000000000
111111111100000000000000
000111111111000000000000
000111001111110000000000
000110000111111000000000
001110000001111000000000
001110000000111100000000
001100000000011110000000
001100000000001110000000
001100000000000110000000
001100000000000110000000
001110000000000110000000
001111000000000110000000
000111000000001110000000
000111110000011110000000
000011111111111110000000
000001111111111100000000
000000000000000000000000
000000000000000000000000
000000000000000000000000
000000000000000000000000
000000000000000000000000
000000000000000000000000
000000000000000000000000
start_draw_0:
000000000000000000000000
000000000000000000000000
000000000000000000000000
000000000000000000000000
000000000000000000000000
000000000000000000000000
000000000000000000000000
000000000000000000000000
000000000000000000000000
000000000000000001100000
000000000000000111100000
000000000000001111100000
000000000000011111000000
000000000000111100000000
000000000000111000000000
000000000001111000000000
000000000011110000000000
000000000011100000000000
000000000111111110000000
000000000111111111100000
000000001111001111110000
000000001110000011110000
000000001110000001111000
000000001100000000111100
000000011100000000011100
000000011100000000001100
000000011100000000001100
000000011000000000011100
000000011100000000011100
000000011100000001111000
000000011110000111111000
000000001111111111110000
000000000111111111000000
000000000000000000000000
000000000000000000000000
000000000000000000000000
start_draw_0:
000000000000000000000000
000000000000000000000000
000000000000000000000000
000000000110000000000000
000000001110000000000000
000000001110000000000000
000000011110000000000000
000000011100000000000000
000000011100000000000000
000000111000000000000000
000000111000000000000000
000000111000000000000000
000001111111110000000000
000001111111111110000000
000001111100111110000000
000001100000000110000000
000001100000001110000000
000001100000001110000000
000001100000011110000000
000001110001111100000000
000001111111111000000000
000000111111110000000000
000000000000000000000000
000000000000000000000000
000000000000000000000000
000000000000000000000000
000000000000000000000000
000000000000000000000000
000000000000000000000000
000000000000000000000000
000000000000000000000000
000000000000000000000000
000000000000000000000000
000000000000000000000000
000000000000000000000000
000000000000000000000000
start_draw_0:
000000000000000000000000
000000000000000000000000
000000000000000000000000
000000000000000000000000
000000000000000111110000
000000000000001111110000
000000000000111110110000
000000000001111100000000
000000000011111000000000
000000000011110000000000
000000000111100000000000
000000001111000000000000
000000011110000000000000
000000011100000000000000
000000111100000000000000
000000111100000000000000
000000111111111111100000
000000110011111111110000
000001110000000011111000
000001110000000000111100
000001110000000000011100
000001111000000000011100
000000111100000000001100
000000011111000000011100
000000011111111100111100
000000000111111111111100
000000000000011111110000
000000000000000000000000
000000000000000000000000
000000000000000000000000
000000000000000000000000
000000000000000000000000
000000000000000000000000
000000000000000000000000
000000000000000000000000
000000000000000000000000
start_draw_0:
000000110000000000000000
000001110000000000000000
000001110000000000000000
000011110000000000000000
000011100000000000000000
000111000000000000000000
000111000000000000000000
001110000000000000000000
011110000000000000000000
011100000000000000000000
011111111000000000000000
011111111110000000000000
111000111111000000000000
111000000111000000000000
110000000111100000000000
110000000011100000000000
110000000011100000000000
111000000011100000000000
111000000111000000000000
011110011111000000000000
011111111111000000000000
001111111100000000000000
000000000000000000000000
000000000000000000000000
000000000000000000000000
000000000000000000000000
000000000000000000000000
000000000000000000000000
000000000000000000000000
000000000000000000000000
000000000000000000000000
000000000000000000000000
000000000000000000000000
000000000000000000000000
000000000000000000000000
000000000000000000000000
start_draw_0:
000000000000000000000000
000000000000000000000000
000000000000000000000000
000000000000000000000000
000000000000000000000000
000000000000000000000000
000000000000000000000000
000000000000000000000000
000000000000000000000000
000000000000000000000000
000000000000111000000000
000000000011111000000000
000000001111111000000000
000000011111000000000000
000000111110000000000000
000011111000000000000000
000111110000000000000000
001111100000000000000000
001111111000000000000000
011111111100000000000000
011100111100000000000000
011000011100000000000000
011000001100000000000000
011100001100000000000000
011100001100000000000000
011111011100000000000000
001111111100000000000000
000111111100000000000000
000000000000000000000000
000000000000000000000000
000000000000000000000000
000000000000000000000000
000000000000000000000000
000000000000000000000000
000000000000000000000000
000000000000000000000000
start_draw_0:
000000000000000000000000
000000000000000000000000
000000000000000011100000
000000000000000111100000
000000000000001111100000
000000000000111110000000
000000000001111100000000
000000000011111000000000
000000000111100000000000
000000001111000000000000
000000011110000000000000
000000111110000000000000
000001111110000000000000
000011111111000000000000
000011100111100000000000
000111100011100000000000
000111000001100000000000
000111000001100000000000
000110000001100000000000
000110000001100000000000
000110000001100000000000
000110000011100000000000
000111000111100000000000
000111111111000000000000
000011111111000000000000
000000000000000000000000
000000000000000000000000
000000000000000000000000
000000000000000000000000
000000000000000000000000
000000000000000000000000
000000000000000000000000
000000000000000000000000
000000000000000000000000
000000000000000000000000
000000000000000000000000
start_draw_0:
000000000000000000000000
000000000000000000000000
000000000000000000000000
000000000000000000000000
000000000000000000000000
000000000000000000000000
000000000000000000000000
000000000000000000000000
000000000000000000000000
000000000000111100000000
000000000001111100000000
000000000011111100000000
000000000111100000000000
000000000111000000000000
000000001111000000000000
000000001110000000000000
000000011100000000000000
000000011100000000000000
000000011000000000000000
000000011000000000000000
000000111111111000000000
000000111111111111000000
000000011001111111000000
000000011000000011000000
000000011100000011000000
000000011100000111000000
000000011111011111000000
000000001111111110000000
000000000011111100000000
000000000000000000000000
000000000000000000000000
000000000000000000000000
000000000000000000000000
000000000000000000000000
000000000000000000000000
000000000000000000000000
start_draw_0:
000000000000000000000000
000000000000000000000000
000000000000000000000000
000000000000001111000000
000000000001111111000000
000000000111111111000000
000000011111100000000000
000000111110000000000000
000000111100000000000000
000001111000000000000000
000011110000000000000000
000011100000000000000000
000111100000000000000000
000111111000000000000000
001111111111000000000000
001110111111110000000000
001110000011110000000000
001100000001110000000000
001100000000110000000000
001100000000110000000000
001100000001110000000000
001110000011110000000000
001111111111110000000000
001111111111100000000000
000000000000000000000000
000000000000000000000000
000000000000000000000000
000000000000000000000000
000000000000000000000000
000000000000000000000000
000000000000000000000000
000000000000000000000000
000000000000000000000000
000000000000000000000000
000000000000000000000000
000000000000000000000000
start_draw_0:
000000000000000000000000
000000000000000000000000
000000000000000000000000
000000000000000000000000
000000000000000000000000
000000000000000000000000
000000000000000000000000
000000000000000000011111
000000000000000000111111
000000000000000001111000
000000000000000011110000
000000000000000111100000
000000000000000111000000
000000000000001111000000
000000000000011110000000
000000000000011100000000
000000000000011100000000
000000000000111000000000
000000000000111111110000
000000000000111111111100
000000000000110000111110
000000000000110000001110
000000000000110000001110
000000000000110000000110
000000000000111000000110
000000000000111100000110
000000000000011110011110
000000000000011111111110
000000000000000111111000
000000000000000000000000
000000000000000000000000
000000000000000000000000
000000000000000000000000
000000000000000000000000
000000000000000000000000
000000000000000000000000
start_draw_0:
000000000000000000000000
000000000000000000000000
000000000000000000000000
000000000000000000000000
000000000000000000000000
000000000000000000000000
000000000000000000000000
000000000000000000000000
000000000000000000000000
000001111100000000000000
000011111100000000000000
000111110000000000000000
000111000000000000000000
001111000000000000000000
011110000000000000000000
011100000000000000000000
011111111110000000000000
011111111111000000000000
011000001111000000000000
011000000111000000000000
011000000011000000000000
011100000011000000000000
011100000111000000000000
011111001111000000000000
001111111110000000000000
000111111100000000000000
000000000000000000000000
000000000000000000000000
000000000000000000000000
000000000000000000000000
000000000000000000000000
000000000000000000000000
000000000000000000000000
000000000000000000000000
000000000000000000000000
000000000000000000000000
start_draw_0:
000000000000000000000000
000000000000000000000000
000000000000000000000000
000000000111100000000000
000000011111100000000000
000000011111100000000000
000000111100000000000000
000001111000000000000000
000001110000000000000000
000011100000000000000000
000011100000000000000000
000111000000000000000000
000111000000000000000000
000111000000000000000000
001111000000000000000000
001111111100000000000000
000110111111000000000000
000110011111110000000000
000110000011110000000000
000110000001110000000000
000110000000110000000000
000110000000110000000000
000111000001110000000000
000111000011110000000000
000011100111100000000000
000011111111100000000000
000001111111000000000000
000000000000000000000000
000000000000000000000000
000000000000000000000000
000000000000000000000000
000000000000000000000000
000000000000000000000000
000000000000000000000000
000000000000000000000000
000000000000000000000000
start_draw_0:
000000000000000000000000
000000000000000000000000
000000000000000000000000
000000000000000000000000
000000000000000000000000
000000000000000000000000
000000000000000000000000
000000000000000000000000
000000000000000000000000
000000000000000000000000
000000000000000000000000
000000000000000000000000
000000000000000000000000
000000000000000011110000
000000000000000111110000
000000000000001111000000
000000000000011110000000
000000000000011100000000
000000000000011000000000
000000000000111000000000
000000000011111000000000
000000000011111110000000
000000000011111111000000
000000000001111111110000
000000000001110011111000
000000000001100001111100
000000000001100000011110
000000000001100000001110
000000000001100000001110
000000000001111000001110
000000000001111111111110
000000000000111111111110
000000000000000000000000
000000000000000000000000
000000000000000000000000
000000000000000000000000
start_draw_0:
000000000000000000000000
000000000000000000000000
000000000111100000000000
000000001111100000000000
000000011111000000000000
000000111100000000000000
000000111000000000000000
000001110000000000000000
000001110000000000000000
000011100000000000000000
000111110000000000000000
000111111100000000000000
000011111110000000000000
000011001111000000000000
000011000111100000000000
000111000011100000000000
000111000001110000000000
000111000001110000000000
000111000001110000000000
000011000011100000000000
000011100111100000000000
000011111111000000000000
000001111111000000000000
000000000000000000000000
000000000000000000000000
000000000000000000000000
000000000000000000000000
000000000000000000000000
000000000000000000000000
000000000000000000000000
000000000000000000000000
000000000000000000000000
000000000000000000000000
000000000000000000000000
000000000000000000000000
000000000000000000000000
start_draw_0:
000000000000000000000000
000000000000000000000000
000000000000000000000000
000000000000000000000000
000000000000000000000000
000000000000000000000000
000000000001111000000000
000000000011111000000000
000000000011111000000000
000000000111000000000000
000000000111000000000000
000000001110000000000000
000000001110000000000000
000000001110000000000000
000000001111110000000000
000000001111111000000000
000000011100111000000000
000000011100111000000000
000000011100111000000000
000000011100111000000000
000000011111111000000000
000000001111110000000000
000000000000000000000000
000000000000000000000000
000000000000000000000000
000000000000000000000000
000000000000000000000000
000000000000000000000000
000000000000000000000000
000000000000000000000000
000000000000000000000000
000000000000000000000000
000000000000000000000000
000000000000000000000000
000000000000000000000000
000000000000000000000000
start_draw_0:
000000000000000000000000
000000000000000000000000
000000000000000000000000
000000000000000000000000
000000000000000000000000
000000000000000000000000
000000000000000000000000
000000001100000000000000
000000111100000000000000
000000111100000000000000
000000111000000000000000
000001110000000000000000
000001110000000000000000
000001110000000000000000
000001100000000000000000
000011100000000000000000
000011100000000000000000
000111111110000000000000
000111111111110000000000
000011000111111100000000
000011000000111111000000
000011000000001111000000
000011100000000111100000
000011100000000011100000
000011111000000011100000
000001111111111111100000
000000111111111111000000
000000000000000000000000
000000000000000000000000
000000000000000000000000
000000000000000000000000
000000000000000000000000
000000000000000000000000
000000000000000000000000
000000000000000000000000
000000000000000000000000
start_draw_0:
000000000000000000000000
000000000000000000000000
000000000000000000000000
000000000000000000000000
000000000000111110000000
000000000011111111000000
000000011111111111000000
000000111111000000000000
000001111100000000000000
000011110000000000000000
000111111100000000000000
000111111111000000000000
001110011111100000000000
001110000111111000000000
011100000001111100000000
011100000000011110000000
011100000000001111000000
011000000000000111100000
011000000000000011100000
011000000000000011100000
011000000000000001100000
011100000000000001100000
011100000000000001100000
011110000000000011100000
001111000000000011100000
000111111000001111100000
000011111111111111000000
000000111111111110000000
000000000000000000000000
000000000000000000000000
000000000000000000000000
000000000000000000000000
000000000000000000000000
000000000000000000000000
000000000000000000000000
000000000000000000000000